--
-- PostgreSQL database dump
--

-- Dumped from database version 16.3
-- Dumped by pg_dump version 16.3

SET statement_timeout = 0;
SET lock_timeout = 0;
SET idle_in_transaction_session_timeout = 0;
SET client_encoding = 'UTF8';
SET standard_conforming_strings = on;
SELECT pg_catalog.set_config('search_path', '', false);
SET check_function_bodies = false;
SET xmloption = content;
SET client_min_messages = warning;
SET row_security = off;

SET default_tablespace = '';

SET default_table_access_method = heap;

--
-- Name: experiment; Type: TABLE; Schema: public; Owner: postgres
--

CREATE TABLE public.experiment (
    idexp numeric NOT NULL,
    title character varying(40),
    numpt numeric NOT NULL,
    status character varying(10) NOT NULL,
    CONSTRAINT experiment_status_check CHECK (((status)::text = ANY ((ARRAY['pendente'::character varying, 'concluido'::character varying])::text[])))
);


ALTER TABLE public.experiment OWNER TO postgres;

--
-- Name: initialize; Type: TABLE; Schema: public; Owner: postgres
--

CREATE TABLE public.initialize (
    idin numeric NOT NULL,
    status character varying(10) NOT NULL,
    idexp numeric NOT NULL,
    CONSTRAINT initialize_status_check CHECK (((status)::text = ANY ((ARRAY['pendente'::character varying, 'concluido'::character varying])::text[])))
);


ALTER TABLE public.initialize OWNER TO postgres;

--
-- Name: sample; Type: TABLE; Schema: public; Owner: postgres
--

CREATE TABLE public.sample (
    id_sample numeric NOT NULL,
    idin numeric NOT NULL,
    idexp numeric NOT NULL,
    avscore numeric(5,2) NOT NULL,
    avrew numeric NOT NULL,
    tsteps numeric NOT NULL,
    nwins numeric NOT NULL
);


ALTER TABLE public.sample OWNER TO postgres;

--
-- Data for Name: experiment; Type: TABLE DATA; Schema: public; Owner: postgres
--

COPY public.experiment (idexp, title, numpt, status) FROM stdin;
2	Entradas padrao - originais do ambiente	300000	concluido
1	Entradas originais -  sem transformacao	300000	concluido
4	Entradas em 3 classes	300000	concluido
5	Entradas em 2 classes - bin	300000	concluido
3	Entradas em proporcoes	300000	concluido
6	entradas padrao - substitui o exp2	300000	concluido
30	teste	300000	pendente
11	menos:menos_cartas_dist_mao	300000	pendente
10	menos:ouro_personagem_original	300000	concluido
12	menos:menos_carta_mais_cara_original	300000	pendente
\.


--
-- Data for Name: initialize; Type: TABLE DATA; Schema: public; Owner: postgres
--

COPY public.initialize (idin, status, idexp) FROM stdin;
6	concluido	1
7	concluido	1
8	concluido	1
9	concluido	1
10	concluido	1
1	concluido	4
2	concluido	4
3	concluido	4
4	concluido	4
5	concluido	4
6	concluido	4
7	concluido	4
8	concluido	4
9	concluido	4
1	concluido	2
2	concluido	2
3	concluido	2
4	concluido	2
5	concluido	2
6	concluido	2
7	concluido	2
8	concluido	2
9	concluido	2
10	concluido	2
10	concluido	4
1	concluido	5
2	concluido	5
3	concluido	5
4	concluido	5
1	concluido	1
2	concluido	1
3	concluido	1
4	concluido	1
5	concluido	1
5	concluido	5
6	concluido	5
7	concluido	5
8	concluido	5
9	concluido	5
10	concluido	5
1	concluido	3
2	concluido	3
3	concluido	3
4	concluido	3
5	concluido	3
6	concluido	3
7	concluido	3
8	concluido	3
9	concluido	3
10	concluido	3
1	concluido	6
2	concluido	6
3	concluido	6
4	concluido	6
5	concluido	6
6	concluido	6
7	concluido	6
8	concluido	6
9	concluido	6
10	concluido	6
1	concluido	30
2	pendente	30
1	concluido	10
2	concluido	10
3	concluido	10
4	concluido	10
5	concluido	10
6	concluido	10
7	concluido	10
8	concluido	10
9	concluido	10
10	concluido	10
1	concluido	11
2	concluido	11
3	concluido	11
4	concluido	11
5	concluido	11
6	concluido	11
7	concluido	11
8	concluido	11
9	concluido	11
10	concluido	11
1	concluido	12
2	concluido	12
3	concluido	12
4	concluido	12
5	concluido	12
6	concluido	12
7	concluido	12
8	concluido	12
9	concluido	12
10	concluido	12
\.


--
-- Data for Name: sample; Type: TABLE DATA; Schema: public; Owner: postgres
--

COPY public.sample (id_sample, idin, idexp, avscore, avrew, tsteps, nwins) FROM stdin;
1	1	2	15.90	-1353.0	10000	26
2	1	2	14.99	-979.0	20000	22
3	1	2	14.70	-588.0	30000	20
4	1	2	13.13	-366.0	40000	13
5	1	2	13.54	-455.0	50000	16
6	1	2	12.83	-376.0	60000	13
7	1	2	12.54	-250.0	70000	14
8	1	2	16.15	-281.0	80000	26
9	1	2	18.06	-63.0	90000	36
10	1	2	19.62	-96.0	100000	40
11	1	2	19.67	10.0	110000	37
12	1	2	20.16	41.0	120000	47
13	1	2	21.28	165.0	130000	45
14	1	2	21.43	174.0	140000	57
15	1	2	22.38	179.0	150000	60
16	1	2	21.96	185.0	160000	62
17	1	2	22.62	202.0	170000	58
18	1	2	21.57	228.0	180000	50
19	1	2	21.26	175.0	190000	53
20	1	2	20.32	137.0	200000	43
21	1	2	20.70	159.0	210000	47
22	1	2	23.26	131.0	220000	65
23	1	2	20.99	229.0	230000	56
24	1	2	22.36	184.0	240000	61
25	1	2	20.38	199.0	250000	56
26	1	2	22.28	170.0	260000	61
27	1	2	21.15	198.0	270000	50
28	1	2	21.27	184.0	280000	50
29	1	2	20.96	149.0	290000	51
30	1	2	21.95	201.0	300000	60
1	2	2	14.95	-1014.0	10000	25
2	2	2	14.52	-1277.0	20000	16
3	2	2	13.44	-987.0	30000	9
4	2	2	12.86	-668.0	40000	8
5	2	2	12.03	-457.0	50000	13
6	2	2	12.63	-290.0	60000	12
7	2	2	14.05	-327.0	70000	15
8	2	2	16.53	-321.0	80000	35
9	2	2	19.83	-144.0	90000	41
10	2	2	19.27	20.0	100000	36
11	2	2	19.71	-56.0	110000	47
12	2	2	20.67	50.0	120000	51
13	2	2	21.17	126.0	130000	51
14	2	2	20.65	132.0	140000	47
15	2	2	21.59	165.0	150000	58
16	2	2	21.50	224.0	160000	50
17	2	2	21.97	252.0	170000	60
18	2	2	21.79	174.0	180000	60
19	2	2	20.48	214.0	190000	51
20	2	2	21.91	251.0	200000	55
21	2	2	21.39	206.0	210000	55
22	2	2	22.02	187.0	220000	57
23	2	2	21.38	177.0	230000	58
24	2	2	22.36	143.0	240000	64
25	2	2	22.52	191.0	250000	65
26	2	2	22.13	204.0	260000	57
27	2	2	21.54	215.0	270000	58
28	2	2	22.50	241.0	280000	66
29	2	2	21.88	231.0	290000	60
30	2	2	21.69	190.0	300000	59
1	3	2	14.02	-1249.0	10000	17
2	3	2	13.94	-1108.0	20000	13
3	3	2	13.37	-1111.0	30000	10
4	3	2	13.61	-371.0	40000	15
5	3	2	13.21	-401.0	50000	12
6	3	2	12.10	-228.0	60000	10
7	3	2	13.96	-341.0	70000	17
8	3	2	14.33	-332.0	80000	15
9	3	2	19.28	-199.0	90000	43
10	3	2	19.90	-140.0	100000	43
11	3	2	19.65	-22.0	110000	47
12	3	2	20.42	84.0	120000	43
13	3	2	21.36	108.0	130000	51
14	3	2	21.64	157.0	140000	58
15	3	2	21.12	216.0	150000	53
16	3	2	21.73	196.0	160000	60
17	3	2	21.13	186.0	170000	54
18	3	2	21.98	137.0	180000	55
19	3	2	20.44	159.0	190000	50
20	3	2	22.06	187.0	200000	56
21	3	2	22.31	151.0	210000	61
22	3	2	22.78	159.0	220000	57
23	3	2	22.34	137.0	230000	56
24	3	2	21.82	217.0	240000	54
25	3	2	21.17	243.0	250000	49
26	3	2	22.14	243.0	260000	55
27	3	2	21.12	188.0	270000	48
28	3	2	19.98	177.0	280000	51
29	3	2	20.75	226.0	290000	55
30	3	2	22.21	213.0	300000	56
1	4	2	13.46	-957.0	10000	16
2	4	2	13.96	-1807.0	20000	15
3	4	2	14.08	-771.0	30000	16
4	4	2	11.97	-577.0	40000	12
5	4	2	12.63	-391.0	50000	14
6	4	2	12.93	-125.0	60000	12
7	4	2	15.12	-375.0	70000	24
8	4	2	17.41	-423.0	80000	36
9	4	2	18.08	-96.0	90000	32
10	4	2	19.19	-72.0	100000	43
11	4	2	19.29	21.0	110000	39
12	4	2	20.69	38.0	120000	48
13	4	2	20.26	74.0	130000	50
14	4	2	19.85	104.0	140000	51
15	4	2	21.55	148.0	150000	56
16	4	2	21.25	202.0	160000	50
17	4	2	21.13	173.0	170000	58
18	4	2	23.13	168.0	180000	59
19	4	2	22.52	172.0	190000	62
20	4	2	21.64	168.0	200000	52
21	4	2	21.45	240.0	210000	55
22	4	2	21.34	202.0	220000	59
23	4	2	20.33	238.0	230000	52
24	4	2	22.72	180.0	240000	66
25	4	2	21.39	147.0	250000	50
26	4	2	21.30	189.0	260000	56
27	4	2	21.25	241.0	270000	53
28	4	2	21.85	179.0	280000	54
29	4	2	21.97	219.0	290000	64
30	4	2	21.98	206.0	300000	55
1	5	2	14.47	-1101.0	10000	17
2	5	2	13.53	-959.0	20000	12
3	5	2	13.76	-572.0	30000	17
4	5	2	13.52	-375.0	40000	13
5	5	2	13.65	-279.0	50000	17
6	5	2	13.62	-364.0	60000	17
7	5	2	16.77	-494.0	70000	31
8	5	2	17.88	-220.0	80000	37
9	5	2	18.32	-41.0	90000	39
10	5	2	18.18	-242.0	100000	36
11	5	2	18.24	58.0	110000	38
12	5	2	20.55	59.0	120000	53
13	5	2	20.91	74.0	130000	48
14	5	2	19.79	104.0	140000	40
15	5	2	22.14	202.0	150000	54
16	5	2	21.20	184.0	160000	48
17	5	2	21.37	166.0	170000	57
18	5	2	22.21	173.0	180000	54
19	5	2	21.94	176.0	190000	60
20	5	2	22.40	207.0	200000	60
21	5	2	22.19	162.0	210000	65
22	5	2	21.68	234.0	220000	55
23	5	2	21.49	136.0	230000	61
24	5	2	22.32	172.0	240000	54
25	5	2	21.31	112.0	250000	54
26	5	2	22.89	197.0	260000	64
27	5	2	22.59	213.0	270000	59
28	5	2	22.00	172.0	280000	58
29	5	2	23.49	192.0	290000	64
30	5	2	20.21	169.0	300000	49
1	6	2	14.47	-848.0	10000	22
2	6	2	14.65	-1139.0	20000	15
3	6	2	13.79	-864.0	30000	20
4	6	2	14.63	-398.0	40000	21
5	6	2	14.96	-484.0	50000	20
6	6	2	13.31	-250.0	60000	13
7	6	2	12.89	-197.0	70000	12
8	6	2	18.13	-309.0	80000	34
9	6	2	18.94	-95.0	90000	44
10	6	2	18.31	-50.0	100000	30
11	6	2	20.58	3.0	110000	46
12	6	2	20.70	-4.0	120000	57
13	6	2	21.10	102.0	130000	54
14	6	2	21.79	84.0	140000	52
15	6	2	20.73	208.0	150000	52
16	6	2	21.92	187.0	160000	58
17	6	2	21.05	201.0	170000	47
18	6	2	21.75	168.0	180000	51
19	6	2	22.38	178.0	190000	63
20	6	2	21.97	202.0	200000	58
21	6	2	22.05	222.0	210000	54
22	6	2	22.43	198.0	220000	60
23	6	2	23.94	206.0	230000	71
24	6	2	21.51	176.0	240000	58
25	6	2	23.17	181.0	250000	63
26	6	2	21.62	226.0	260000	52
27	6	2	21.10	227.0	270000	51
28	6	2	22.89	181.0	280000	64
29	6	2	22.30	181.0	290000	63
30	6	2	21.05	219.0	300000	52
1	7	2	15.19	-1093.0	10000	28
2	7	2	14.04	-1218.0	20000	19
3	7	2	13.48	-718.0	30000	15
4	7	2	14.58	-288.0	40000	18
5	7	2	13.83	-425.0	50000	19
6	7	2	13.42	-245.0	60000	13
7	7	2	12.95	-272.0	70000	14
8	7	2	12.96	-218.0	80000	9
9	7	2	12.73	-63.0	90000	9
10	7	2	16.44	-64.0	100000	22
11	7	2	18.79	-82.0	110000	37
12	7	2	20.54	-3.0	120000	49
13	7	2	21.39	155.0	130000	56
14	7	2	20.11	140.0	140000	45
15	7	2	22.28	155.0	150000	63
16	7	2	21.31	149.0	160000	53
17	7	2	22.16	132.0	170000	57
18	7	2	21.46	166.0	180000	52
19	7	2	19.98	179.0	190000	47
20	7	2	21.40	191.0	200000	55
21	7	2	21.93	211.0	210000	60
22	7	2	22.15	173.0	220000	61
23	7	2	23.30	202.0	230000	64
24	7	2	21.33	117.0	240000	57
25	7	2	20.30	174.0	250000	49
26	7	2	23.42	223.0	260000	62
27	7	2	23.52	194.0	270000	64
28	7	2	21.49	171.0	280000	55
29	7	2	21.83	178.0	290000	60
30	7	2	21.97	160.0	300000	52
1	8	2	14.57	-911.0	10000	13
2	8	2	14.10	-1231.0	20000	16
3	8	2	13.49	-902.0	30000	16
4	8	2	15.32	-567.0	40000	25
5	8	2	13.47	-346.0	50000	18
6	8	2	14.50	-162.0	60000	21
7	8	2	16.92	-381.0	70000	26
8	8	2	17.97	-275.0	80000	36
9	8	2	17.96	-143.0	90000	33
10	8	2	20.30	59.0	100000	46
11	8	2	19.48	82.0	110000	40
12	8	2	19.83	43.0	120000	47
13	8	2	20.90	86.0	130000	47
14	8	2	21.67	135.0	140000	54
15	8	2	20.00	190.0	150000	43
16	8	2	22.47	189.0	160000	61
17	8	2	21.03	154.0	170000	59
18	8	2	21.68	187.0	180000	52
19	8	2	22.60	174.0	190000	61
20	8	2	21.31	201.0	200000	54
21	8	2	21.64	212.0	210000	63
22	8	2	22.36	227.0	220000	63
23	8	2	22.14	195.0	230000	62
24	8	2	21.46	238.0	240000	57
25	8	2	22.18	172.0	250000	58
26	8	2	21.01	147.0	260000	55
27	8	2	23.27	209.0	270000	68
28	8	2	21.73	275.0	280000	61
29	8	2	22.14	170.0	290000	55
30	8	2	22.08	197.0	300000	62
1	9	2	13.66	-933.0	10000	11
2	9	2	14.23	-1274.0	20000	23
3	9	2	13.06	-706.0	30000	15
4	9	2	13.61	-518.0	40000	12
5	9	2	11.09	-449.0	50000	11
6	9	2	12.12	-391.0	60000	11
7	9	2	12.61	-309.0	70000	14
8	9	2	16.51	-184.0	80000	32
9	9	2	16.04	-128.0	90000	27
10	9	2	15.99	-62.0	100000	28
11	9	2	18.00	-65.0	110000	34
12	9	2	19.90	78.0	120000	47
13	9	2	20.98	62.0	130000	52
14	9	2	20.93	172.0	140000	50
15	9	2	21.46	154.0	150000	59
16	9	2	21.72	209.0	160000	59
17	9	2	23.09	204.0	170000	67
18	9	2	21.38	262.0	180000	52
19	9	2	21.85	147.0	190000	56
20	9	2	22.29	146.0	200000	59
21	9	2	21.20	148.0	210000	50
22	9	2	21.65	177.0	220000	55
23	9	2	21.64	104.0	230000	58
24	9	2	22.14	140.0	240000	51
25	9	2	21.03	211.0	250000	53
26	9	2	21.84	203.0	260000	59
27	9	2	21.42	199.0	270000	61
28	9	2	21.75	199.0	280000	56
29	9	2	20.98	246.0	290000	47
30	9	2	21.58	242.0	300000	50
1	10	2	13.60	-1175.0	10000	14
2	10	2	15.26	-961.0	20000	24
3	10	2	13.72	-1120.0	30000	14
4	10	2	13.47	-576.0	40000	14
5	10	2	12.84	-353.0	50000	9
6	10	2	13.56	-299.0	60000	18
7	10	2	17.07	-315.0	70000	36
8	10	2	18.16	-452.0	80000	42
9	10	2	19.69	-101.0	90000	48
10	10	2	20.89	-70.0	100000	51
11	10	2	18.93	9.0	110000	42
12	10	2	21.88	-15.0	120000	62
13	10	2	21.40	96.0	130000	51
14	10	2	20.77	115.0	140000	58
15	10	2	21.62	160.0	150000	55
16	10	2	21.30	178.0	160000	53
17	10	2	21.66	188.0	170000	59
18	10	2	20.65	174.0	180000	52
19	10	2	21.60	232.0	190000	54
20	10	2	22.77	253.0	200000	63
21	10	2	22.13	212.0	210000	63
22	10	2	21.47	209.0	220000	59
23	10	2	22.12	149.0	230000	59
24	10	2	21.52	232.0	240000	56
25	10	2	21.13	143.0	250000	55
26	10	2	21.62	189.0	260000	59
27	10	2	21.82	208.0	270000	61
28	10	2	21.77	219.0	280000	61
29	10	2	19.76	221.0	290000	52
30	10	2	22.15	190.0	300000	59
1	1	1	13.16	-1357.0	10000	11
2	1	1	14.40	-1015.0	20000	21
3	1	1	13.26	-663.0	30000	13
4	1	1	13.13	-554.0	40000	14
5	1	1	13.13	-342.0	50000	14
6	1	1	13.45	-185.0	60000	21
7	1	1	12.96	-325.0	70000	13
8	1	1	13.64	-186.0	80000	9
9	1	1	13.06	-124.0	90000	12
10	1	1	12.19	-72.0	100000	12
11	1	1	13.90	-19.0	110000	18
12	1	1	15.85	-21.0	120000	27
13	1	1	19.16	116.0	130000	49
14	1	1	20.90	148.0	140000	55
15	1	1	20.45	200.0	150000	54
16	1	1	20.02	225.0	160000	45
17	1	1	20.22	143.0	170000	50
18	1	1	21.92	226.0	180000	53
19	1	1	22.37	186.0	190000	57
20	1	1	21.68	185.0	200000	55
21	1	1	22.74	94.0	210000	56
22	1	1	21.22	182.0	220000	55
23	1	1	21.05	188.0	230000	53
24	1	1	22.27	204.0	240000	63
25	1	1	21.03	73.0	250000	45
26	1	1	22.04	172.0	260000	58
27	1	1	21.58	212.0	270000	56
28	1	1	21.57	238.0	280000	55
29	1	1	21.13	117.0	290000	55
30	1	1	20.29	182.0	300000	44
1	2	1	14.50	-854.0	10000	16
2	2	1	13.12	-1271.0	20000	15
3	2	1	13.29	-1191.0	30000	16
4	2	1	14.86	-713.0	40000	16
5	2	1	13.15	-725.0	50000	14
6	2	1	13.24	-289.0	60000	12
7	2	1	13.58	-257.0	70000	15
8	2	1	14.04	-224.0	80000	18
9	2	1	15.68	-231.0	90000	21
10	2	1	18.86	-179.0	100000	42
11	2	1	16.90	40.0	110000	34
12	2	1	20.81	126.0	120000	53
13	2	1	19.26	79.0	130000	40
14	2	1	21.15	108.0	140000	56
15	2	1	20.28	196.0	150000	47
16	2	1	21.20	125.0	160000	45
17	2	1	20.08	187.0	170000	44
18	2	1	21.65	175.0	180000	58
19	2	1	19.96	167.0	190000	49
20	2	1	22.19	170.0	200000	59
21	2	1	20.84	238.0	210000	51
22	2	1	22.99	128.0	220000	57
23	2	1	21.18	188.0	230000	52
24	2	1	22.06	130.0	240000	57
25	2	1	21.27	205.0	250000	51
26	2	1	22.93	163.0	260000	62
27	2	1	21.72	207.0	270000	57
28	2	1	21.72	154.0	280000	54
29	2	1	22.94	251.0	290000	70
30	2	1	19.99	186.0	300000	50
1	3	1	15.10	-1247.0	10000	21
2	3	1	14.18	-887.0	20000	20
3	3	1	14.26	-877.0	30000	16
4	3	1	14.86	-501.0	40000	25
5	3	1	14.35	-330.0	50000	13
6	3	1	13.88	-422.0	60000	17
7	3	1	16.25	-230.0	70000	32
8	3	1	17.50	-346.0	80000	37
9	3	1	18.86	-168.0	90000	42
10	3	1	18.79	-83.0	100000	47
11	3	1	20.35	14.0	110000	55
12	3	1	19.66	2.0	120000	40
13	3	1	20.47	160.0	130000	47
14	3	1	22.21	145.0	140000	55
15	3	1	21.49	178.0	150000	48
16	3	1	21.88	137.0	160000	54
17	3	1	22.02	197.0	170000	50
18	3	1	21.28	185.0	180000	53
19	3	1	21.67	184.0	190000	54
20	3	1	22.48	225.0	200000	56
21	3	1	21.54	168.0	210000	56
22	3	1	23.13	163.0	220000	67
23	3	1	23.34	188.0	230000	66
24	3	1	22.22	155.0	240000	56
25	3	1	21.25	100.0	250000	51
26	3	1	22.38	163.0	260000	58
27	3	1	21.94	257.0	270000	56
28	3	1	21.60	215.0	280000	57
29	3	1	23.13	236.0	290000	67
30	3	1	20.58	188.0	300000	51
1	4	1	13.23	-1362.0	10000	16
2	4	1	14.58	-877.0	20000	14
3	4	1	13.45	-1025.0	30000	19
4	4	1	14.22	-440.0	40000	19
5	4	1	14.32	-406.0	50000	23
6	4	1	14.07	-234.0	60000	22
7	4	1	16.12	-316.0	70000	29
8	4	1	18.17	-213.0	80000	41
9	4	1	19.32	-212.0	90000	39
10	4	1	19.25	-163.0	100000	42
11	4	1	20.33	43.0	110000	53
12	4	1	20.63	86.0	120000	46
13	4	1	20.42	52.0	130000	51
14	4	1	21.28	144.0	140000	60
15	4	1	19.99	174.0	150000	45
16	4	1	20.76	203.0	160000	51
17	4	1	21.31	151.0	170000	55
18	4	1	21.93	176.0	180000	54
19	4	1	20.55	213.0	190000	50
20	4	1	20.27	185.0	200000	51
21	4	1	21.59	179.0	210000	57
22	4	1	22.45	212.0	220000	57
23	4	1	23.03	195.0	230000	62
24	4	1	21.92	194.0	240000	57
25	4	1	21.84	168.0	250000	57
26	4	1	23.16	174.0	260000	62
27	4	1	22.22	188.0	270000	61
28	4	1	21.76	178.0	280000	58
29	4	1	22.64	135.0	290000	59
30	4	1	23.19	170.0	300000	62
1	5	1	14.54	-961.0	10000	22
2	5	1	14.50	-1162.0	20000	23
3	5	1	13.69	-932.0	30000	14
4	5	1	14.93	-530.0	40000	19
5	5	1	14.09	-345.0	50000	21
6	5	1	12.70	-181.0	60000	11
7	5	1	14.15	-279.0	70000	17
8	5	1	16.21	-197.0	80000	22
9	5	1	17.42	-216.0	90000	33
10	5	1	19.16	-135.0	100000	44
11	5	1	20.15	75.0	110000	54
12	5	1	20.00	-2.0	120000	51
13	5	1	21.45	88.0	130000	57
14	5	1	21.46	132.0	140000	50
15	5	1	21.21	170.0	150000	50
16	5	1	21.02	181.0	160000	55
17	5	1	23.06	156.0	170000	56
18	5	1	21.69	173.0	180000	55
19	5	1	22.44	218.0	190000	57
20	5	1	21.29	188.0	200000	51
21	5	1	20.07	163.0	210000	50
22	5	1	21.92	216.0	220000	60
23	5	1	21.87	162.0	230000	60
24	5	1	21.16	206.0	240000	54
25	5	1	21.03	217.0	250000	49
26	5	1	21.06	105.0	260000	53
27	5	1	20.62	164.0	270000	47
28	5	1	21.41	174.0	280000	51
29	5	1	20.19	222.0	290000	54
30	5	1	22.08	233.0	300000	54
1	6	1	14.20	-1837.0	10000	14
2	6	1	14.85	-1166.0	20000	17
3	6	1	12.82	-641.0	30000	13
4	6	1	13.81	-490.0	40000	15
5	6	1	11.75	-463.0	50000	9
6	6	1	14.27	-504.0	60000	19
7	6	1	13.28	-249.0	70000	12
8	6	1	13.25	-273.0	80000	15
9	6	1	15.47	-254.0	90000	22
10	6	1	15.62	-85.0	100000	19
11	6	1	18.19	-38.0	110000	35
12	6	1	20.14	90.0	120000	49
13	6	1	20.67	171.0	130000	50
14	6	1	22.03	161.0	140000	61
15	6	1	21.27	174.0	150000	53
16	6	1	20.75	132.0	160000	44
17	6	1	20.83	205.0	170000	45
18	6	1	22.50	155.0	180000	59
19	6	1	23.05	142.0	190000	63
20	6	1	21.54	138.0	200000	51
21	6	1	21.28	112.0	210000	51
22	6	1	23.44	185.0	220000	61
23	6	1	20.85	197.0	230000	50
24	6	1	21.48	162.0	240000	54
25	6	1	20.49	245.0	250000	48
26	6	1	23.21	147.0	260000	63
27	6	1	21.54	165.0	270000	54
28	6	1	21.99	215.0	280000	56
29	6	1	22.30	188.0	290000	59
30	6	1	21.93	170.0	300000	58
1	7	1	12.46	-1005.0	10000	10
2	7	1	14.23	-846.0	20000	18
3	7	1	13.08	-1078.0	30000	12
4	7	1	14.57	-398.0	40000	23
5	7	1	13.21	-332.0	50000	15
6	7	1	14.49	-485.0	60000	23
7	7	1	14.83	-268.0	70000	23
8	7	1	13.42	-39.0	80000	14
9	7	1	12.79	-41.0	90000	11
10	7	1	14.36	-102.0	100000	15
11	7	1	16.55	3.0	110000	32
12	7	1	19.28	24.0	120000	40
13	7	1	19.02	119.0	130000	44
14	7	1	20.31	139.0	140000	49
15	7	1	22.59	155.0	150000	59
16	7	1	21.21	192.0	160000	51
17	7	1	21.02	160.0	170000	44
18	7	1	20.38	165.0	180000	47
19	7	1	20.71	159.0	190000	51
20	7	1	20.21	207.0	200000	44
21	7	1	21.70	128.0	210000	58
22	7	1	22.04	225.0	220000	45
23	7	1	23.25	121.0	230000	65
24	7	1	21.28	206.0	240000	54
25	7	1	21.74	203.0	250000	54
26	7	1	21.05	198.0	260000	54
27	7	1	21.67	242.0	270000	52
28	7	1	21.11	200.0	280000	51
29	7	1	22.08	163.0	290000	61
30	7	1	22.14	185.0	300000	58
1	8	1	13.62	-1253.0	10000	15
2	8	1	13.10	-1127.0	20000	13
3	8	1	13.70	-868.0	30000	18
4	8	1	14.17	-879.0	40000	12
5	8	1	13.71	-352.0	50000	16
6	8	1	13.63	-282.0	60000	15
7	8	1	12.95	-103.0	70000	13
8	8	1	14.56	-138.0	80000	20
9	8	1	14.71	-189.0	90000	20
10	8	1	17.90	-26.0	100000	42
11	8	1	17.37	-18.0	110000	36
12	8	1	18.98	82.0	120000	40
13	8	1	19.97	142.0	130000	45
14	8	1	19.50	133.0	140000	41
15	8	1	19.64	130.0	150000	44
16	8	1	21.19	140.0	160000	54
17	8	1	21.48	177.0	170000	50
18	8	1	20.51	175.0	180000	43
19	8	1	20.38	170.0	190000	46
20	8	1	19.88	221.0	200000	45
21	8	1	20.52	186.0	210000	49
22	8	1	21.18	157.0	220000	51
23	8	1	20.94	196.0	230000	49
24	8	1	18.73	178.0	240000	43
25	8	1	22.73	167.0	250000	63
26	8	1	22.16	216.0	260000	53
27	8	1	21.72	207.0	270000	46
28	8	1	21.35	167.0	280000	53
29	8	1	21.32	130.0	290000	52
30	8	1	21.86	186.0	300000	60
1	9	1	14.64	-1181.0	10000	19
2	9	1	14.81	-951.0	20000	22
3	9	1	14.45	-590.0	30000	17
4	9	1	13.33	-453.0	40000	12
5	9	1	14.59	-517.0	50000	18
6	9	1	14.61	-324.0	60000	18
7	9	1	13.72	-277.0	70000	18
8	9	1	14.78	-239.0	80000	18
9	9	1	17.34	-33.0	90000	36
10	9	1	18.02	-45.0	100000	38
11	9	1	17.39	6.0	110000	35
12	9	1	16.50	27.0	120000	32
13	9	1	19.62	102.0	130000	53
14	9	1	20.49	170.0	140000	56
15	9	1	20.77	178.0	150000	52
16	9	1	22.37	138.0	160000	57
17	9	1	20.98	169.0	170000	54
18	9	1	21.16	186.0	180000	53
19	9	1	21.08	187.0	190000	52
20	9	1	21.22	206.0	200000	53
21	9	1	20.98	156.0	210000	45
22	9	1	21.72	230.0	220000	60
23	9	1	21.47	184.0	230000	53
24	9	1	21.85	178.0	240000	56
25	9	1	21.91	234.0	250000	58
26	9	1	22.39	215.0	260000	59
27	9	1	21.61	111.0	270000	55
28	9	1	22.08	161.0	280000	53
29	9	1	20.70	194.0	290000	58
30	9	1	22.15	171.0	300000	50
1	10	1	14.33	-1330.0	10000	22
2	10	1	13.54	-936.0	20000	13
3	10	1	13.86	-852.0	30000	16
4	10	1	13.72	-479.0	40000	16
5	10	1	13.61	-519.0	50000	17
6	10	1	13.23	-234.0	60000	16
7	10	1	13.53	-269.0	70000	14
8	10	1	15.30	-262.0	80000	26
9	10	1	15.28	-204.0	90000	24
10	10	1	18.04	-37.0	100000	34
11	10	1	17.61	3.0	110000	42
12	10	1	17.60	-24.0	120000	46
13	10	1	18.75	117.0	130000	47
14	10	1	20.31	151.0	140000	49
15	10	1	21.50	233.0	150000	54
16	10	1	21.80	186.0	160000	56
17	10	1	21.55	238.0	170000	53
18	10	1	21.41	237.0	180000	50
19	10	1	20.51	211.0	190000	49
20	10	1	20.71	146.0	200000	50
21	10	1	21.54	225.0	210000	53
22	10	1	22.31	234.0	220000	59
23	10	1	22.34	170.0	230000	63
24	10	1	22.13	183.0	240000	57
25	10	1	22.73	202.0	250000	59
26	10	1	22.33	202.0	260000	55
27	10	1	21.80	130.0	270000	63
28	10	1	22.09	171.0	280000	64
29	10	1	21.31	176.0	290000	56
30	10	1	22.33	206.0	300000	58
1	1	4	14.68	-1235.0	10000	18
2	1	4	14.41	-1236.0	20000	18
3	1	4	13.52	-707.0	30000	14
4	1	4	14.19	-451.0	40000	15
5	1	4	13.19	-293.0	50000	17
6	1	4	14.14	-453.0	60000	16
7	1	4	13.78	-247.0	70000	12
8	1	4	14.61	-219.0	80000	17
9	1	4	14.75	-127.0	90000	22
10	1	4	18.73	-101.0	100000	38
11	1	4	18.75	-123.0	110000	41
12	1	4	18.93	146.0	120000	50
13	1	4	20.42	67.0	130000	46
14	1	4	20.69	158.0	140000	55
15	1	4	20.66	233.0	150000	55
16	1	4	20.74	207.0	160000	52
17	1	4	21.27	188.0	170000	54
18	1	4	21.97	175.0	180000	59
19	1	4	20.95	189.0	190000	53
20	1	4	21.96	223.0	200000	55
21	1	4	22.66	186.0	210000	62
22	1	4	21.88	237.0	220000	64
23	1	4	21.14	180.0	230000	57
24	1	4	22.19	173.0	240000	58
25	1	4	22.62	141.0	250000	59
26	1	4	21.69	162.0	260000	61
27	1	4	19.76	178.0	270000	39
28	1	4	21.54	203.0	280000	56
29	1	4	22.75	236.0	290000	64
30	1	4	22.70	200.0	300000	66
1	2	4	13.73	-1173.0	10000	12
2	2	4	13.09	-1545.0	20000	18
3	2	4	13.76	-780.0	30000	18
4	2	4	13.43	-407.0	40000	15
5	2	4	12.29	-488.0	50000	13
6	2	4	13.13	-561.0	60000	11
7	2	4	14.50	-211.0	70000	21
8	2	4	17.01	-123.0	80000	35
9	2	4	17.07	-47.0	90000	39
10	2	4	19.49	-166.0	100000	45
11	2	4	19.10	-26.0	110000	41
12	2	4	19.38	88.0	120000	41
13	2	4	20.63	-7.0	130000	50
14	2	4	20.78	120.0	140000	46
15	2	4	19.32	154.0	150000	39
16	2	4	22.48	155.0	160000	61
17	2	4	21.32	172.0	170000	58
18	2	4	21.26	100.0	180000	46
19	2	4	22.23	190.0	190000	55
20	2	4	21.99	221.0	200000	64
21	2	4	21.77	190.0	210000	61
22	2	4	20.86	192.0	220000	50
23	2	4	19.92	168.0	230000	46
24	2	4	21.50	206.0	240000	56
25	2	4	21.59	144.0	250000	57
26	2	4	20.70	158.0	260000	51
27	2	4	20.33	149.0	270000	51
28	2	4	21.01	185.0	280000	58
29	2	4	19.94	181.0	290000	50
30	2	4	20.56	203.0	300000	54
1	3	4	14.53	-1192.0	10000	24
2	3	4	14.21	-1058.0	20000	17
3	3	4	13.78	-430.0	30000	17
4	3	4	13.28	-336.0	40000	18
5	3	4	14.33	-534.0	50000	19
6	3	4	14.29	-490.0	60000	21
7	3	4	14.05	-316.0	70000	19
8	3	4	17.39	-276.0	80000	33
9	3	4	18.28	-84.0	90000	36
10	3	4	18.38	-77.0	100000	39
11	3	4	21.19	23.0	110000	53
12	3	4	20.16	20.0	120000	55
13	3	4	20.29	24.0	130000	51
14	3	4	20.80	120.0	140000	53
15	3	4	20.99	147.0	150000	45
16	3	4	20.07	191.0	160000	44
17	3	4	20.20	158.0	170000	48
18	3	4	19.12	165.0	180000	43
19	3	4	19.86	209.0	190000	44
20	3	4	21.58	188.0	200000	57
21	3	4	21.92	200.0	210000	58
22	3	4	21.28	184.0	220000	57
23	3	4	19.74	151.0	230000	44
24	3	4	21.56	154.0	240000	56
25	3	4	21.02	171.0	250000	56
26	3	4	21.26	145.0	260000	51
27	3	4	21.47	169.0	270000	60
28	3	4	21.94	160.0	280000	51
29	3	4	21.12	137.0	290000	57
30	3	4	20.82	218.0	300000	52
1	4	4	15.34	-1206.0	10000	26
2	4	4	13.75	-1495.0	20000	14
3	4	4	14.07	-725.0	30000	16
4	4	4	13.36	-508.0	40000	11
5	4	4	12.87	-289.0	50000	14
6	4	4	18.03	-317.0	60000	37
7	4	4	17.89	-245.0	70000	38
8	4	4	18.51	-410.0	80000	42
9	4	4	18.16	-23.0	90000	42
10	4	4	19.18	-53.0	100000	39
11	4	4	19.53	55.0	110000	48
12	4	4	20.85	147.0	120000	62
13	4	4	20.63	78.0	130000	54
14	4	4	20.78	128.0	140000	61
15	4	4	20.63	182.0	150000	57
16	4	4	21.78	175.0	160000	63
17	4	4	21.03	115.0	170000	55
18	4	4	21.56	214.0	180000	60
19	4	4	21.11	164.0	190000	55
20	4	4	21.52	221.0	200000	52
21	4	4	20.43	139.0	210000	57
22	4	4	21.60	173.0	220000	60
23	4	4	19.99	128.0	230000	51
24	4	4	21.32	183.0	240000	56
25	4	4	20.23	183.0	250000	52
26	4	4	20.70	174.0	260000	51
27	4	4	20.80	144.0	270000	55
28	4	4	20.66	135.0	280000	56
29	4	4	22.39	182.0	290000	58
30	4	4	21.04	209.0	300000	52
1	5	4	15.30	-1257.0	10000	20
2	5	4	14.03	-1358.0	20000	14
3	5	4	13.94	-717.0	30000	15
4	5	4	13.13	-358.0	40000	18
5	5	4	15.03	-424.0	50000	22
6	5	4	13.74	-188.0	60000	17
7	5	4	17.62	-288.0	70000	38
8	5	4	18.56	-179.0	80000	35
9	5	4	19.68	-271.0	90000	46
10	5	4	19.67	-22.0	100000	48
11	5	4	21.50	-67.0	110000	59
12	5	4	20.89	78.0	120000	54
13	5	4	21.59	105.0	130000	64
14	5	4	19.67	131.0	140000	51
15	5	4	19.77	204.0	150000	48
16	5	4	20.78	174.0	160000	58
17	5	4	21.56	153.0	170000	54
18	5	4	21.49	93.0	180000	58
19	5	4	20.80	157.0	190000	51
20	5	4	21.33	101.0	200000	55
21	5	4	20.57	200.0	210000	49
22	5	4	19.93	152.0	220000	41
23	5	4	20.75	209.0	230000	54
24	5	4	20.72	223.0	240000	56
25	5	4	19.03	102.0	250000	43
26	5	4	20.82	174.0	260000	47
27	5	4	20.97	211.0	270000	57
28	5	4	20.63	193.0	280000	56
29	5	4	19.30	188.0	290000	42
30	5	4	20.24	170.0	300000	49
1	6	4	14.63	-1084.0	10000	23
2	6	4	14.39	-982.0	20000	19
3	6	4	13.04	-836.0	30000	14
4	6	4	13.20	-627.0	40000	15
5	6	4	13.56	-438.0	50000	13
6	6	4	16.56	-421.0	60000	34
7	6	4	17.12	-275.0	70000	27
8	6	4	18.13	-439.0	80000	37
9	6	4	18.42	-78.0	90000	40
10	6	4	21.75	-54.0	100000	57
11	6	4	20.84	-7.0	110000	49
12	6	4	20.35	46.0	120000	55
13	6	4	21.29	52.0	130000	55
14	6	4	20.91	146.0	140000	52
15	6	4	20.63	195.0	150000	53
16	6	4	20.95	216.0	160000	49
17	6	4	21.64	188.0	170000	57
18	6	4	20.82	166.0	180000	51
19	6	4	22.37	158.0	190000	62
20	6	4	20.05	149.0	200000	46
21	6	4	21.11	162.0	210000	46
22	6	4	21.62	203.0	220000	51
23	6	4	22.07	161.0	230000	59
24	6	4	20.88	189.0	240000	51
25	6	4	21.28	188.0	250000	53
26	6	4	21.03	168.0	260000	53
27	6	4	21.17	186.0	270000	54
28	6	4	20.06	157.0	280000	46
29	6	4	20.35	209.0	290000	45
30	6	4	21.30	172.0	300000	52
1	7	4	13.70	-1016.0	10000	14
2	7	4	12.62	-1209.0	20000	11
3	7	4	14.46	-516.0	30000	20
4	7	4	13.42	-478.0	40000	17
5	7	4	13.51	-235.0	50000	13
6	7	4	14.86	-335.0	60000	21
7	7	4	13.15	-463.0	70000	11
8	7	4	17.43	-228.0	80000	35
9	7	4	19.26	-147.0	90000	35
10	7	4	17.99	-103.0	100000	37
11	7	4	19.46	-26.0	110000	46
12	7	4	19.49	55.0	120000	43
13	7	4	20.95	69.0	130000	58
14	7	4	19.47	188.0	140000	50
15	7	4	21.24	199.0	150000	55
16	7	4	20.48	152.0	160000	51
17	7	4	21.42	214.0	170000	53
18	7	4	21.31	158.0	180000	52
19	7	4	21.35	218.0	190000	51
20	7	4	21.66	133.0	200000	55
21	7	4	20.96	179.0	210000	52
22	7	4	21.29	229.0	220000	56
23	7	4	21.52	196.0	230000	58
24	7	4	20.26	156.0	240000	52
25	7	4	20.70	220.0	250000	49
26	7	4	21.04	126.0	260000	53
27	7	4	22.04	179.0	270000	57
28	7	4	21.45	184.0	280000	48
29	7	4	21.70	158.0	290000	57
30	7	4	19.19	200.0	300000	44
1	8	4	14.80	-1349.0	10000	20
2	8	4	14.63	-848.0	20000	20
3	8	4	14.10	-631.0	30000	16
4	8	4	13.83	-625.0	40000	20
5	8	4	13.10	-442.0	50000	16
6	8	4	13.87	-253.0	60000	14
7	8	4	14.57	-227.0	70000	22
8	8	4	14.44	-277.0	80000	25
9	8	4	17.24	-296.0	90000	33
10	8	4	18.93	-38.0	100000	40
11	8	4	19.98	-94.0	110000	50
12	8	4	20.61	60.0	120000	53
13	8	4	20.44	85.0	130000	55
14	8	4	20.72	185.0	140000	62
15	8	4	20.73	173.0	150000	55
16	8	4	19.64	216.0	160000	49
17	8	4	21.47	181.0	170000	56
18	8	4	21.57	194.0	180000	55
19	8	4	20.91	142.0	190000	57
20	8	4	19.88	149.0	200000	52
21	8	4	22.28	161.0	210000	60
22	8	4	21.29	197.0	220000	56
23	8	4	20.59	212.0	230000	49
24	8	4	20.74	207.0	240000	49
25	8	4	20.62	161.0	250000	53
26	8	4	19.49	176.0	260000	50
27	8	4	19.71	170.0	270000	49
28	8	4	20.40	198.0	280000	56
29	8	4	21.71	139.0	290000	63
30	8	4	21.97	142.0	300000	66
1	9	4	13.60	-793.0	10000	18
2	9	4	14.82	-1019.0	20000	26
3	9	4	13.64	-448.0	30000	16
4	9	4	14.50	-595.0	40000	19
5	9	4	13.73	-252.0	50000	13
6	9	4	13.94	-248.0	60000	16
7	9	4	16.36	-332.0	70000	32
8	9	4	17.50	-211.0	80000	37
9	9	4	17.64	-191.0	90000	35
10	9	4	19.24	50.0	100000	52
11	9	4	20.59	-72.0	110000	49
12	9	4	19.62	17.0	120000	48
13	9	4	20.53	123.0	130000	51
14	9	4	19.91	138.0	140000	47
15	9	4	20.87	165.0	150000	54
16	9	4	20.82	172.0	160000	51
17	9	4	20.23	120.0	170000	46
18	9	4	21.76	245.0	180000	51
19	9	4	21.26	193.0	190000	55
20	9	4	21.16	171.0	200000	46
21	9	4	22.17	168.0	210000	60
22	9	4	21.37	172.0	220000	56
23	9	4	20.01	171.0	230000	50
24	9	4	21.06	171.0	240000	55
25	9	4	20.77	127.0	250000	53
26	9	4	20.54	192.0	260000	50
27	9	4	21.27	160.0	270000	53
28	9	4	21.34	189.0	280000	54
29	9	4	22.18	187.0	290000	59
30	9	4	21.69	211.0	300000	57
1	10	4	16.23	-1106.0	10000	28
2	10	4	13.96	-1208.0	20000	17
3	10	4	15.31	-802.0	30000	23
4	10	4	15.75	-487.0	40000	24
5	10	4	13.86	-484.0	50000	19
6	10	4	13.89	-372.0	60000	16
7	10	4	16.54	-327.0	70000	27
8	10	4	18.48	-396.0	80000	38
9	10	4	16.25	-71.0	90000	30
10	10	4	19.82	-63.0	100000	47
11	10	4	19.91	-105.0	110000	49
12	10	4	20.39	52.0	120000	44
13	10	4	18.14	35.0	130000	35
14	10	4	19.42	157.0	140000	44
15	10	4	21.92	176.0	150000	54
16	10	4	21.41	160.0	160000	53
17	10	4	20.10	175.0	170000	46
18	10	4	20.41	171.0	180000	48
19	10	4	20.00	221.0	190000	49
20	10	4	19.88	208.0	200000	53
21	10	4	21.40	162.0	210000	60
22	10	4	21.18	215.0	220000	57
23	10	4	20.92	150.0	230000	55
24	10	4	21.80	140.0	240000	62
25	10	4	20.82	172.0	250000	56
26	10	4	21.32	178.0	260000	58
27	10	4	21.59	123.0	270000	61
28	10	4	21.29	181.0	280000	59
29	10	4	20.31	153.0	290000	50
30	10	4	20.61	212.0	300000	48
1	1	5	14.04	-1215.0	10000	20
2	1	5	13.52	-1213.0	20000	17
3	1	5	13.37	-631.0	30000	17
4	1	5	13.91	-610.0	40000	15
5	1	5	12.85	-475.0	50000	6
6	1	5	14.36	-434.0	60000	14
7	1	5	14.18	-341.0	70000	18
8	1	5	18.15	-175.0	80000	40
9	1	5	14.70	24.0	90000	23
10	1	5	16.36	-118.0	100000	34
11	1	5	17.32	-39.0	110000	37
12	1	5	18.04	10.0	120000	43
13	1	5	19.87	73.0	130000	47
14	1	5	22.03	79.0	140000	63
15	1	5	20.77	227.0	150000	55
16	1	5	20.26	169.0	160000	52
17	1	5	21.18	170.0	170000	55
18	1	5	20.49	177.0	180000	55
19	1	5	20.20	185.0	190000	56
20	1	5	21.16	183.0	200000	59
21	1	5	20.21	222.0	210000	46
22	1	5	21.12	141.0	220000	59
23	1	5	20.45	199.0	230000	48
24	1	5	20.19	179.0	240000	52
25	1	5	20.60	184.0	250000	56
26	1	5	20.71	170.0	260000	56
27	1	5	20.56	202.0	270000	55
28	1	5	20.67	176.0	280000	56
29	1	5	20.56	183.0	290000	52
30	1	5	21.06	216.0	300000	55
1	2	5	13.94	-885.0	10000	23
2	2	5	13.56	-935.0	20000	16
3	2	5	14.16	-728.0	30000	16
4	2	5	14.77	-277.0	40000	19
5	2	5	14.60	-430.0	50000	22
6	2	5	13.88	-240.0	60000	13
7	2	5	17.82	-512.0	70000	40
8	2	5	19.20	-210.0	80000	51
9	2	5	17.50	-109.0	90000	43
10	2	5	17.45	-121.0	100000	34
11	2	5	19.25	35.0	110000	40
12	2	5	19.92	30.0	120000	47
13	2	5	20.84	140.0	130000	58
14	2	5	20.00	150.0	140000	57
15	2	5	21.62	156.0	150000	60
16	2	5	19.89	110.0	160000	51
17	2	5	19.84	187.0	170000	51
18	2	5	19.13	146.0	180000	46
19	2	5	21.44	142.0	190000	60
20	2	5	20.55	136.0	200000	53
21	2	5	20.26	218.0	210000	54
22	2	5	20.38	139.0	220000	56
23	2	5	19.32	152.0	230000	44
24	2	5	19.72	149.0	240000	46
25	2	5	20.90	152.0	250000	56
26	2	5	20.29	163.0	260000	54
27	2	5	20.53	153.0	270000	60
28	2	5	20.51	209.0	280000	52
29	2	5	21.10	112.0	290000	63
30	2	5	20.29	217.0	300000	52
1	3	5	14.03	-1036.0	10000	22
2	3	5	14.35	-1393.0	20000	13
3	3	5	14.50	-730.0	30000	16
4	3	5	13.28	-298.0	40000	14
5	3	5	13.49	-521.0	50000	18
6	3	5	13.56	-464.0	60000	14
7	3	5	16.37	-308.0	70000	34
8	3	5	17.39	-74.0	80000	37
9	3	5	18.54	-40.0	90000	36
10	3	5	17.55	-157.0	100000	39
11	3	5	18.90	-97.0	110000	41
12	3	5	18.63	92.0	120000	49
13	3	5	20.02	31.0	130000	52
14	3	5	21.14	129.0	140000	56
15	3	5	20.62	177.0	150000	55
16	3	5	20.05	155.0	160000	54
17	3	5	20.40	126.0	170000	48
18	3	5	20.81	151.0	180000	52
19	3	5	20.73	173.0	190000	48
20	3	5	21.39	191.0	200000	56
21	3	5	21.60	197.0	210000	56
22	3	5	19.89	212.0	220000	46
23	3	5	21.32	170.0	230000	47
24	3	5	19.42	175.0	240000	45
25	3	5	20.15	169.0	250000	46
26	3	5	19.22	181.0	260000	41
27	3	5	20.23	136.0	270000	46
28	3	5	19.86	149.0	280000	44
29	3	5	18.70	153.0	290000	33
30	3	5	19.57	144.0	300000	47
1	4	5	14.88	-1292.0	10000	21
2	4	5	13.94	-1189.0	20000	18
3	4	5	13.95	-644.0	30000	18
4	4	5	12.46	-319.0	40000	11
5	4	5	13.79	-386.0	50000	22
6	4	5	12.71	-366.0	60000	11
7	4	5	14.72	-490.0	70000	24
8	4	5	19.17	-288.0	80000	47
9	4	5	19.49	-286.0	90000	46
10	4	5	19.67	-154.0	100000	46
11	4	5	18.75	-44.0	110000	40
12	4	5	19.58	84.0	120000	47
13	4	5	19.64	78.0	130000	49
14	4	5	20.42	132.0	140000	49
15	4	5	21.11	158.0	150000	54
16	4	5	20.49	153.0	160000	47
17	4	5	20.70	231.0	170000	51
18	4	5	20.27	158.0	180000	52
19	4	5	20.39	177.0	190000	56
20	4	5	20.33	176.0	200000	56
21	4	5	20.16	207.0	210000	49
22	4	5	20.72	150.0	220000	64
23	4	5	19.38	234.0	230000	48
24	4	5	19.79	194.0	240000	50
25	4	5	20.67	195.0	250000	54
26	4	5	20.74	134.0	260000	58
27	4	5	20.21	144.0	270000	54
28	4	5	20.16	185.0	280000	58
29	4	5	19.57	181.0	290000	50
30	4	5	20.47	205.0	300000	47
1	5	5	13.87	-927.0	10000	22
2	5	5	13.74	-1394.0	20000	14
3	5	5	14.37	-900.0	30000	24
4	5	5	14.22	-472.0	40000	15
5	5	5	12.74	-416.0	50000	11
6	5	5	11.56	-331.0	60000	11
7	5	5	13.64	-266.0	70000	15
8	5	5	16.94	-223.0	80000	32
9	5	5	16.48	-90.0	90000	32
10	5	5	18.43	-66.0	100000	39
11	5	5	20.66	73.0	110000	51
12	5	5	20.27	3.0	120000	47
13	5	5	19.70	94.0	130000	48
14	5	5	20.04	95.0	140000	45
15	5	5	20.50	169.0	150000	50
16	5	5	20.76	160.0	160000	50
17	5	5	20.21	160.0	170000	49
18	5	5	19.62	176.0	180000	45
19	5	5	21.77	199.0	190000	56
20	5	5	20.93	161.0	200000	48
21	5	5	20.99	170.0	210000	50
22	5	5	19.85	181.0	220000	50
23	5	5	22.11	230.0	230000	56
24	5	5	20.93	173.0	240000	59
25	5	5	20.20	207.0	250000	45
26	5	5	20.57	159.0	260000	48
27	5	5	19.57	189.0	270000	44
28	5	5	20.19	154.0	280000	51
29	5	5	21.47	208.0	290000	59
30	5	5	20.78	158.0	300000	51
1	6	5	14.37	-1364.0	10000	24
2	6	5	14.91	-1025.0	20000	25
3	6	5	14.46	-953.0	30000	24
4	6	5	14.40	-494.0	40000	20
5	6	5	14.50	-476.0	50000	23
6	6	5	14.77	-311.0	60000	16
7	6	5	13.81	-98.0	70000	18
8	6	5	19.00	-101.0	80000	43
9	6	5	17.00	-199.0	90000	31
10	6	5	17.81	3.0	100000	37
11	6	5	18.71	-8.0	110000	41
12	6	5	19.13	49.0	120000	45
13	6	5	20.11	121.0	130000	48
14	6	5	18.36	125.0	140000	47
15	6	5	20.84	170.0	150000	55
16	6	5	21.21	159.0	160000	59
17	6	5	20.49	205.0	170000	46
18	6	5	21.88	187.0	180000	61
19	6	5	19.50	149.0	190000	41
20	6	5	19.70	173.0	200000	47
21	6	5	20.60	245.0	210000	54
22	6	5	20.44	212.0	220000	48
23	6	5	20.47	197.0	230000	52
24	6	5	21.41	165.0	240000	56
25	6	5	21.23	111.0	250000	53
26	6	5	19.79	150.0	260000	43
27	6	5	19.96	154.0	270000	51
28	6	5	20.92	153.0	280000	51
29	6	5	20.03	194.0	290000	49
30	6	5	20.31	176.0	300000	49
1	7	5	14.62	-1103.0	10000	27
2	7	5	14.74	-930.0	20000	23
3	7	5	14.46	-1185.0	30000	18
4	7	5	14.14	-652.0	40000	12
5	7	5	14.08	-406.0	50000	20
6	7	5	12.99	-49.0	60000	10
7	7	5	15.06	-139.0	70000	19
8	7	5	17.07	-230.0	80000	34
9	7	5	17.48	-165.0	90000	35
10	7	5	18.69	30.0	100000	38
11	7	5	19.01	-145.0	110000	41
12	7	5	18.95	39.0	120000	39
13	7	5	18.77	111.0	130000	43
14	7	5	18.82	126.0	140000	35
15	7	5	19.92	153.0	150000	43
16	7	5	20.85	158.0	160000	56
17	7	5	19.85	166.0	170000	47
18	7	5	20.96	149.0	180000	50
19	7	5	20.07	153.0	190000	51
20	7	5	19.93	170.0	200000	49
21	7	5	20.98	170.0	210000	50
22	7	5	20.59	158.0	220000	52
23	7	5	20.85	132.0	230000	51
24	7	5	21.85	177.0	240000	56
25	7	5	21.02	169.0	250000	51
26	7	5	20.40	174.0	260000	50
27	7	5	22.01	190.0	270000	62
28	7	5	19.89	124.0	280000	45
29	7	5	21.06	152.0	290000	52
30	7	5	21.39	195.0	300000	62
1	8	5	15.29	-1480.0	10000	23
2	8	5	13.49	-1027.0	20000	9
3	8	5	13.97	-999.0	30000	19
4	8	5	13.90	-478.0	40000	15
5	8	5	14.63	-249.0	50000	18
6	8	5	14.53	-571.0	60000	17
7	8	5	18.39	-371.0	70000	41
8	8	5	18.50	-357.0	80000	41
9	8	5	18.68	-75.0	90000	39
10	8	5	19.83	-80.0	100000	45
11	8	5	19.78	80.0	110000	48
12	8	5	20.20	-59.0	120000	50
13	8	5	20.94	81.0	130000	59
14	8	5	20.72	134.0	140000	53
15	8	5	21.46	167.0	150000	57
16	8	5	20.17	174.0	160000	49
17	8	5	19.23	216.0	170000	51
18	8	5	20.97	164.0	180000	58
19	8	5	21.02	162.0	190000	59
20	8	5	21.89	191.0	200000	65
21	8	5	20.84	165.0	210000	61
22	8	5	21.90	115.0	220000	57
23	8	5	20.70	197.0	230000	55
24	8	5	21.77	157.0	240000	59
25	8	5	20.88	164.0	250000	57
26	8	5	20.26	138.0	260000	52
27	8	5	20.12	112.0	270000	43
28	8	5	21.19	202.0	280000	61
29	8	5	19.64	175.0	290000	55
30	8	5	19.75	125.0	300000	58
1	9	5	13.98	-1134.0	10000	20
2	9	5	13.91	-1325.0	20000	18
3	9	5	14.98	-1236.0	30000	19
4	9	5	14.26	-475.0	40000	22
5	9	5	13.30	-413.0	50000	14
6	9	5	12.90	-330.0	60000	12
7	9	5	14.45	-307.0	70000	26
8	9	5	15.29	-425.0	80000	21
9	9	5	17.84	-171.0	90000	39
10	9	5	19.75	32.0	100000	55
11	9	5	18.74	67.0	110000	41
12	9	5	18.82	36.0	120000	45
13	9	5	19.97	66.0	130000	52
14	9	5	20.54	189.0	140000	52
15	9	5	21.35	194.0	150000	58
16	9	5	20.96	171.0	160000	56
17	9	5	18.02	129.0	170000	43
18	9	5	19.94	170.0	180000	51
19	9	5	19.76	127.0	190000	49
20	9	5	19.94	194.0	200000	47
21	9	5	20.60	217.0	210000	52
22	9	5	20.11	149.0	220000	47
23	9	5	19.88	161.0	230000	44
24	9	5	19.41	191.0	240000	46
25	9	5	21.16	209.0	250000	55
26	9	5	20.11	184.0	260000	48
27	9	5	21.60	131.0	270000	57
28	9	5	21.48	176.0	280000	63
29	9	5	21.84	206.0	290000	68
30	9	5	20.54	148.0	300000	45
1	10	5	15.50	-1156.0	10000	28
2	10	5	13.95	-1353.0	20000	14
3	10	5	13.20	-530.0	30000	14
4	10	5	15.59	-412.0	40000	23
5	10	5	14.85	-412.0	50000	18
6	10	5	17.84	-339.0	60000	32
7	10	5	18.32	-398.0	70000	38
8	10	5	18.69	-349.0	80000	46
9	10	5	17.44	-81.0	90000	39
10	10	5	19.80	-262.0	100000	47
11	10	5	19.68	-92.0	110000	49
12	10	5	19.14	72.0	120000	44
13	10	5	20.63	25.0	130000	58
14	10	5	19.54	182.0	140000	49
15	10	5	19.58	170.0	150000	50
16	10	5	21.58	200.0	160000	56
17	10	5	20.44	130.0	170000	56
18	10	5	18.92	188.0	180000	46
19	10	5	19.80	151.0	190000	47
20	10	5	21.16	184.0	200000	45
21	10	5	20.59	147.0	210000	53
22	10	5	22.24	191.0	220000	63
23	10	5	20.32	125.0	230000	47
24	10	5	19.97	108.0	240000	47
25	10	5	20.29	170.0	250000	51
26	10	5	19.83	127.0	260000	51
27	10	5	20.70	116.0	270000	54
28	10	5	21.03	112.0	280000	49
29	10	5	19.50	154.0	290000	53
30	10	5	20.99	183.0	300000	57
1	1	3	14.17	-1354.0	10000	19
2	1	3	13.61	-1038.0	20000	16
3	1	3	13.65	-825.0	30000	13
4	1	3	14.32	-424.0	40000	24
5	1	3	14.38	-598.0	50000	18
6	1	3	15.68	-270.0	60000	27
7	1	3	17.28	-252.0	70000	34
8	1	3	18.95	-191.0	80000	35
9	1	3	18.31	-322.0	90000	41
10	1	3	19.15	-6.0	100000	42
11	1	3	18.93	-110.0	110000	45
12	1	3	20.20	14.0	120000	52
13	1	3	20.03	26.0	130000	48
14	1	3	19.83	172.0	140000	48
15	1	3	21.05	203.0	150000	52
16	1	3	20.97	160.0	160000	49
17	1	3	20.56	147.0	170000	53
18	1	3	20.87	194.0	180000	56
19	1	3	21.00	185.0	190000	52
20	1	3	21.04	176.0	200000	53
21	1	3	20.66	218.0	210000	45
22	1	3	20.36	164.0	220000	52
23	1	3	21.48	152.0	230000	51
24	1	3	21.54	168.0	240000	54
25	1	3	20.64	159.0	250000	49
26	1	3	19.67	227.0	260000	44
27	1	3	21.12	176.0	270000	52
28	1	3	19.59	214.0	280000	45
29	1	3	20.95	217.0	290000	54
30	1	3	20.54	233.0	300000	55
1	2	3	13.59	-966.0	10000	14
2	2	3	15.53	-1092.0	20000	23
3	2	3	14.51	-451.0	30000	19
4	2	3	13.24	-576.0	40000	13
5	2	3	13.39	-386.0	50000	18
6	2	3	14.62	-280.0	60000	25
7	2	3	16.17	-503.0	70000	29
8	2	3	17.25	-279.0	80000	32
9	2	3	16.61	-89.0	90000	31
10	2	3	17.75	-122.0	100000	39
11	2	3	17.16	-90.0	110000	35
12	2	3	17.12	55.0	120000	43
13	2	3	20.27	37.0	130000	45
14	2	3	21.51	95.0	140000	59
15	2	3	20.50	223.0	150000	49
16	2	3	19.44	194.0	160000	48
17	2	3	20.77	188.0	170000	49
18	2	3	21.70	158.0	180000	58
19	2	3	21.38	203.0	190000	60
20	2	3	22.23	165.0	200000	62
21	2	3	21.68	147.0	210000	52
22	2	3	20.38	215.0	220000	51
23	2	3	20.46	202.0	230000	49
24	2	3	21.39	239.0	240000	57
25	2	3	21.07	208.0	250000	50
26	2	3	22.73	207.0	260000	54
27	2	3	21.76	181.0	270000	53
28	2	3	21.66	159.0	280000	54
29	2	3	22.37	186.0	290000	63
30	2	3	21.69	204.0	300000	57
1	3	3	14.65	-1110.0	10000	19
2	3	3	14.93	-1024.0	20000	28
3	3	3	13.81	-865.0	30000	21
4	3	3	14.01	-784.0	40000	15
5	3	3	12.83	-331.0	50000	15
6	3	3	13.16	-190.0	60000	10
7	3	3	13.85	-313.0	70000	16
8	3	3	11.80	-50.0	80000	10
9	3	3	13.80	-84.0	90000	16
10	3	3	12.39	-120.0	100000	10
11	3	3	12.91	-129.0	110000	15
12	3	3	13.15	-23.0	120000	11
13	3	3	14.56	67.0	130000	18
14	3	3	19.84	123.0	140000	46
15	3	3	21.19	184.0	150000	49
16	3	3	20.70	116.0	160000	52
17	3	3	21.33	195.0	170000	58
18	3	3	20.39	203.0	180000	44
19	3	3	21.51	237.0	190000	54
20	3	3	21.88	211.0	200000	60
21	3	3	20.87	210.0	210000	51
22	3	3	21.66	144.0	220000	55
23	3	3	21.25	165.0	230000	53
24	3	3	21.90	202.0	240000	58
25	3	3	20.34	176.0	250000	48
26	3	3	21.13	165.0	260000	58
27	3	3	21.10	164.0	270000	54
28	3	3	22.20	210.0	280000	60
29	3	3	21.57	191.0	290000	56
30	3	3	20.60	179.0	300000	48
1	4	3	13.97	-1256.0	10000	18
2	4	3	13.51	-1050.0	20000	15
3	4	3	14.45	-1069.0	30000	19
4	4	3	12.83	-356.0	40000	9
5	4	3	13.47	-205.0	50000	18
6	4	3	13.57	-253.0	60000	14
7	4	3	15.16	-292.0	70000	23
8	4	3	16.22	-249.0	80000	29
9	4	3	18.47	-246.0	90000	38
10	4	3	19.21	-31.0	100000	46
11	4	3	19.10	38.0	110000	46
12	4	3	21.77	122.0	120000	58
13	4	3	20.71	70.0	130000	54
14	4	3	20.08	168.0	140000	48
15	4	3	21.85	156.0	150000	63
16	4	3	20.82	185.0	160000	51
17	4	3	18.79	198.0	170000	47
18	4	3	21.36	234.0	180000	57
19	4	3	20.11	138.0	190000	48
20	4	3	21.37	148.0	200000	54
21	4	3	20.80	177.0	210000	51
22	4	3	19.84	168.0	220000	49
23	4	3	19.72	213.0	230000	53
24	4	3	21.35	226.0	240000	51
25	4	3	20.38	141.0	250000	50
26	4	3	18.81	217.0	260000	37
27	4	3	20.08	196.0	270000	49
28	4	3	21.10	239.0	280000	50
29	4	3	19.77	221.0	290000	45
30	4	3	20.75	158.0	300000	52
1	5	3	14.16	-947.0	10000	17
2	5	3	13.79	-1266.0	20000	19
3	5	3	13.54	-956.0	30000	15
4	5	3	13.10	-311.0	40000	10
5	5	3	14.67	-334.0	50000	19
6	5	3	14.11	-365.0	60000	14
7	5	3	17.64	-424.0	70000	31
8	5	3	17.65	-417.0	80000	37
9	5	3	18.81	-18.0	90000	38
10	5	3	18.28	-73.0	100000	41
11	5	3	18.97	-3.0	110000	43
12	5	3	20.19	61.0	120000	50
13	5	3	19.54	61.0	130000	52
14	5	3	22.26	152.0	140000	62
15	5	3	20.37	200.0	150000	49
16	5	3	20.61	171.0	160000	52
17	5	3	21.22	254.0	170000	50
18	5	3	20.14	156.0	180000	45
19	5	3	22.09	217.0	190000	60
20	5	3	21.39	207.0	200000	59
21	5	3	20.37	187.0	210000	52
22	5	3	20.65	172.0	220000	55
23	5	3	20.90	211.0	230000	58
24	5	3	21.85	188.0	240000	55
25	5	3	21.69	215.0	250000	60
26	5	3	21.22	194.0	260000	56
27	5	3	21.50	180.0	270000	57
28	5	3	20.79	150.0	280000	59
29	5	3	20.79	236.0	290000	57
30	5	3	20.29	156.0	300000	51
1	6	3	14.04	-1060.0	10000	19
2	6	3	14.17	-1460.0	20000	21
3	6	3	14.00	-612.0	30000	18
4	6	3	12.20	-394.0	40000	7
5	6	3	13.71	-311.0	50000	21
6	6	3	14.22	-461.0	60000	18
7	6	3	15.00	-485.0	70000	25
8	6	3	16.59	-149.0	80000	33
9	6	3	19.01	-40.0	90000	51
10	6	3	19.01	-103.0	100000	44
11	6	3	18.86	10.0	110000	43
12	6	3	18.90	47.0	120000	42
13	6	3	19.90	123.0	130000	49
14	6	3	21.58	143.0	140000	63
15	6	3	21.05	243.0	150000	55
16	6	3	21.18	167.0	160000	56
17	6	3	21.07	143.0	170000	60
18	6	3	21.23	216.0	180000	56
19	6	3	21.07	189.0	190000	53
20	6	3	21.02	148.0	200000	57
21	6	3	19.30	187.0	210000	48
22	6	3	20.38	129.0	220000	50
23	6	3	21.91	214.0	230000	63
24	6	3	21.84	177.0	240000	54
25	6	3	22.70	192.0	250000	66
26	6	3	20.54	177.0	260000	54
27	6	3	21.93	189.0	270000	60
28	6	3	20.63	189.0	280000	51
29	6	3	21.10	221.0	290000	57
30	6	3	20.84	179.0	300000	52
1	7	3	13.90	-1488.0	10000	20
2	7	3	13.64	-834.0	20000	22
3	7	3	14.82	-767.0	30000	20
4	7	3	13.70	-633.0	40000	9
5	7	3	12.74	-463.0	50000	13
6	7	3	13.80	-305.0	60000	20
7	7	3	13.29	-340.0	70000	14
8	7	3	15.55	-209.0	80000	23
9	7	3	17.37	-410.0	90000	31
10	7	3	19.45	-147.0	100000	41
11	7	3	17.73	-24.0	110000	35
12	7	3	20.34	74.0	120000	46
13	7	3	21.70	75.0	130000	60
14	7	3	20.44	183.0	140000	50
15	7	3	21.48	238.0	150000	55
16	7	3	20.87	234.0	160000	56
17	7	3	22.06	220.0	170000	60
18	7	3	21.93	206.0	180000	56
19	7	3	21.21	177.0	190000	54
20	7	3	21.26	214.0	200000	55
21	7	3	20.25	232.0	210000	43
22	7	3	20.56	178.0	220000	56
23	7	3	21.63	213.0	230000	55
24	7	3	21.53	184.0	240000	58
25	7	3	20.47	213.0	250000	52
26	7	3	22.38	174.0	260000	65
27	7	3	21.35	224.0	270000	59
28	7	3	21.90	158.0	280000	57
29	7	3	21.53	205.0	290000	53
30	7	3	20.71	172.0	300000	52
1	8	3	14.51	-1185.0	10000	20
2	8	3	13.43	-1215.0	20000	16
3	8	3	13.57	-710.0	30000	13
4	8	3	14.51	-587.0	40000	19
5	8	3	13.92	-325.0	50000	22
6	8	3	14.84	-312.0	60000	23
7	8	3	16.08	-259.0	70000	26
8	8	3	16.02	-288.0	80000	28
9	8	3	17.88	-47.0	90000	38
10	8	3	20.03	-64.0	100000	50
11	8	3	19.79	-103.0	110000	47
12	8	3	20.33	109.0	120000	52
13	8	3	22.09	82.0	130000	56
14	8	3	21.58	158.0	140000	53
15	8	3	22.12	165.0	150000	60
16	8	3	21.24	186.0	160000	53
17	8	3	21.68	201.0	170000	58
18	8	3	21.04	174.0	180000	50
19	8	3	21.47	155.0	190000	59
20	8	3	21.13	190.0	200000	55
21	8	3	21.39	212.0	210000	61
22	8	3	22.42	196.0	220000	59
23	8	3	20.92	207.0	230000	54
24	8	3	21.51	192.0	240000	57
25	8	3	21.36	180.0	250000	59
26	8	3	21.72	164.0	260000	58
27	8	3	20.31	217.0	270000	48
28	8	3	22.17	149.0	280000	65
29	8	3	22.36	122.0	290000	64
30	8	3	22.52	217.0	300000	60
1	9	3	14.81	-981.0	10000	24
2	9	3	15.38	-1278.0	20000	26
3	9	3	14.61	-799.0	30000	16
4	9	3	13.53	-370.0	40000	17
5	9	3	14.79	-314.0	50000	20
6	9	3	17.98	-293.0	60000	41
7	9	3	19.89	-355.0	70000	51
8	9	3	18.70	-320.0	80000	47
9	9	3	19.32	-299.0	90000	43
10	9	3	19.26	-153.0	100000	47
11	9	3	19.16	-15.0	110000	46
12	9	3	19.46	-23.0	120000	52
13	9	3	20.99	92.0	130000	50
14	9	3	20.85	121.0	140000	55
15	9	3	21.63	178.0	150000	60
16	9	3	22.08	244.0	160000	65
17	9	3	20.13	206.0	170000	48
18	9	3	22.36	201.0	180000	66
19	9	3	20.84	193.0	190000	51
20	9	3	22.33	139.0	200000	65
21	9	3	21.17	180.0	210000	47
22	9	3	22.03	177.0	220000	59
23	9	3	20.13	163.0	230000	42
24	9	3	20.73	223.0	240000	50
25	9	3	20.23	180.0	250000	47
26	9	3	21.03	198.0	260000	53
27	9	3	21.03	175.0	270000	51
28	9	3	21.48	234.0	280000	59
29	9	3	20.44	188.0	290000	54
30	9	3	22.15	191.0	300000	56
1	10	3	14.87	-1357.0	10000	23
2	10	3	14.53	-1239.0	20000	25
3	10	3	14.21	-578.0	30000	23
4	10	3	12.12	-496.0	40000	11
5	10	3	13.59	-381.0	50000	17
6	10	3	13.04	-285.0	60000	14
7	10	3	13.08	-228.0	70000	11
8	10	3	14.07	-285.0	80000	14
9	10	3	17.85	-444.0	90000	37
10	10	3	18.17	-133.0	100000	41
11	10	3	18.19	63.0	110000	36
12	10	3	19.86	94.0	120000	50
13	10	3	20.99	91.0	130000	55
14	10	3	20.42	180.0	140000	47
15	10	3	20.05	134.0	150000	48
16	10	3	22.22	185.0	160000	62
17	10	3	21.42	172.0	170000	69
18	10	3	20.90	160.0	180000	55
19	10	3	20.82	158.0	190000	53
20	10	3	20.24	115.0	200000	58
21	10	3	21.13	88.0	210000	58
22	10	3	21.20	179.0	220000	56
23	10	3	20.71	185.0	230000	53
24	10	3	21.29	169.0	240000	59
25	10	3	21.00	198.0	250000	60
26	10	3	22.00	192.0	260000	64
27	10	3	20.89	184.0	270000	57
28	10	3	20.58	215.0	280000	55
29	10	3	20.14	145.0	290000	52
30	10	3	20.14	220.0	300000	49
1	1	6	13.43	-1166.0	10000	13
2	1	6	15.56	-1272.0	20000	22
3	1	6	13.19	-822.0	30000	17
4	1	6	14.50	-697.0	40000	22
5	1	6	12.52	-231.0	50000	10
6	1	6	12.86	-318.0	60000	12
7	1	6	14.14	-274.0	70000	18
8	1	6	18.26	-331.0	80000	41
9	1	6	17.45	-209.0	90000	35
10	1	6	18.97	-21.0	100000	45
11	1	6	19.68	44.0	110000	42
12	1	6	21.19	-27.0	120000	55
13	1	6	20.17	-5.0	130000	56
14	1	6	20.75	142.0	140000	50
15	1	6	20.83	185.0	150000	43
16	1	6	20.28	171.0	160000	53
17	1	6	22.40	184.0	170000	60
18	1	6	21.57	192.0	180000	59
19	1	6	21.99	133.0	190000	58
20	1	6	20.09	174.0	200000	44
21	1	6	22.07	182.0	210000	56
22	1	6	21.16	240.0	220000	61
23	1	6	21.61	203.0	230000	58
24	1	6	21.13	206.0	240000	60
25	1	6	21.33	180.0	250000	55
26	1	6	22.33	161.0	260000	56
27	1	6	23.31	68.0	270000	71
28	1	6	21.46	130.0	280000	52
29	1	6	21.73	247.0	290000	53
30	1	6	20.97	191.0	300000	47
1	2	6	13.84	-1389.0	10000	21
2	2	6	14.28	-986.0	20000	21
3	2	6	13.91	-749.0	30000	17
4	2	6	12.86	-610.0	40000	16
5	2	6	13.93	-440.0	50000	16
6	2	6	13.35	-387.0	60000	15
7	2	6	16.17	-434.0	70000	23
8	2	6	19.32	-322.0	80000	37
9	2	6	16.99	-171.0	90000	36
10	2	6	18.60	-66.0	100000	45
11	2	6	20.90	21.0	110000	58
12	2	6	19.99	45.0	120000	44
13	2	6	21.27	108.0	130000	52
14	2	6	20.96	120.0	140000	50
15	2	6	21.29	217.0	150000	52
16	2	6	20.61	224.0	160000	56
17	2	6	21.73	233.0	170000	60
18	2	6	20.63	201.0	180000	48
19	2	6	22.13	191.0	190000	61
20	2	6	21.75	169.0	200000	57
21	2	6	20.54	147.0	210000	51
22	2	6	21.24	204.0	220000	50
23	2	6	21.57	192.0	230000	55
24	2	6	21.19	230.0	240000	52
25	2	6	21.55	171.0	250000	53
26	2	6	21.08	209.0	260000	52
27	2	6	20.94	233.0	270000	47
28	2	6	22.41	174.0	280000	68
29	2	6	22.87	206.0	290000	61
30	2	6	20.94	216.0	300000	54
1	3	6	15.26	-1416.0	10000	24
2	3	6	15.22	-1428.0	20000	21
3	3	6	13.57	-908.0	30000	18
4	3	6	13.58	-481.0	40000	18
5	3	6	14.50	-255.0	50000	22
6	3	6	13.18	-308.0	60000	17
7	3	6	13.43	-278.0	70000	16
8	3	6	11.87	-91.0	80000	9
9	3	6	15.12	48.0	90000	22
10	3	6	17.74	-101.0	100000	34
11	3	6	17.20	34.0	110000	33
12	3	6	18.90	21.0	120000	42
13	3	6	20.46	34.0	130000	49
14	3	6	21.60	155.0	140000	56
15	3	6	21.75	179.0	150000	53
16	3	6	23.34	173.0	160000	66
17	3	6	20.09	235.0	170000	48
18	3	6	22.03	135.0	180000	57
19	3	6	22.12	188.0	190000	57
20	3	6	22.31	221.0	200000	61
21	3	6	21.61	193.0	210000	61
22	3	6	22.13	186.0	220000	61
23	3	6	21.63	164.0	230000	56
24	3	6	21.90	193.0	240000	59
25	3	6	21.16	146.0	250000	56
26	3	6	21.82	235.0	260000	60
27	3	6	21.43	223.0	270000	54
28	3	6	21.27	221.0	280000	57
29	3	6	21.52	177.0	290000	59
30	3	6	21.15	165.0	300000	52
1	4	6	15.14	-1372.0	10000	21
2	4	6	13.47	-909.0	20000	8
3	4	6	13.53	-560.0	30000	16
4	4	6	13.03	-269.0	40000	7
5	4	6	13.69	-373.0	50000	12
6	4	6	12.63	-276.0	60000	17
7	4	6	13.77	-201.0	70000	12
8	4	6	13.79	-210.0	80000	18
9	4	6	16.93	-213.0	90000	28
10	4	6	18.34	-70.0	100000	43
11	4	6	18.16	-108.0	110000	40
12	4	6	20.98	77.0	120000	56
13	4	6	19.47	59.0	130000	44
14	4	6	21.48	189.0	140000	47
15	4	6	21.94	145.0	150000	61
16	4	6	21.20	181.0	160000	53
17	4	6	20.99	202.0	170000	47
18	4	6	21.61	179.0	180000	59
19	4	6	20.37	163.0	190000	52
20	4	6	20.75	216.0	200000	54
21	4	6	21.67	236.0	210000	55
22	4	6	20.69	196.0	220000	44
23	4	6	21.39	181.0	230000	56
24	4	6	22.22	189.0	240000	56
25	4	6	21.66	202.0	250000	50
26	4	6	21.63	199.0	260000	54
27	4	6	21.32	156.0	270000	56
28	4	6	20.22	195.0	280000	47
29	4	6	21.03	181.0	290000	54
30	4	6	20.66	154.0	300000	47
1	5	6	14.03	-934.0	10000	17
2	5	6	14.41	-1708.0	20000	18
3	5	6	13.83	-813.0	30000	18
4	5	6	14.89	-414.0	40000	17
5	5	6	13.01	-190.0	50000	16
6	5	6	12.70	-252.0	60000	12
7	5	6	12.72	-347.0	70000	12
8	5	6	15.10	-178.0	80000	21
9	5	6	18.01	-101.0	90000	37
10	5	6	18.25	-79.0	100000	37
11	5	6	19.02	-80.0	110000	43
12	5	6	19.55	55.0	120000	42
13	5	6	19.72	139.0	130000	50
14	5	6	20.60	177.0	140000	47
15	5	6	20.32	167.0	150000	43
16	5	6	21.43	139.0	160000	55
17	5	6	21.84	212.0	170000	52
18	5	6	23.14	193.0	180000	63
19	5	6	19.84	179.0	190000	44
20	5	6	21.95	241.0	200000	53
21	5	6	20.42	202.0	210000	43
22	5	6	20.39	199.0	220000	45
23	5	6	21.05	214.0	230000	49
24	5	6	21.43	112.0	240000	50
25	5	6	21.23	234.0	250000	50
26	5	6	19.47	133.0	260000	45
27	5	6	21.59	233.0	270000	57
28	5	6	21.17	228.0	280000	56
29	5	6	21.87	132.0	290000	58
30	5	6	21.05	192.0	300000	46
1	6	6	13.92	-1043.0	10000	18
2	6	6	14.52	-1188.0	20000	20
3	6	6	14.16	-1171.0	30000	16
4	6	6	13.40	-480.0	40000	14
5	6	6	14.04	-365.0	50000	17
6	6	6	12.56	-237.0	60000	8
7	6	6	13.09	-215.0	70000	15
8	6	6	15.03	-348.0	80000	25
9	6	6	15.97	-54.0	90000	28
10	6	6	17.98	-109.0	100000	40
11	6	6	18.59	55.0	110000	39
12	6	6	20.08	12.0	120000	45
13	6	6	21.07	17.0	130000	46
14	6	6	21.99	152.0	140000	50
15	6	6	21.46	169.0	150000	54
16	6	6	21.65	177.0	160000	48
17	6	6	20.99	205.0	170000	50
18	6	6	22.53	114.0	180000	59
19	6	6	22.12	184.0	190000	60
20	6	6	19.91	171.0	200000	41
21	6	6	20.63	215.0	210000	50
22	6	6	22.48	213.0	220000	64
23	6	6	22.39	249.0	230000	63
24	6	6	19.78	222.0	240000	52
25	6	6	21.01	199.0	250000	48
26	6	6	21.01	199.0	260000	53
27	6	6	22.45	207.0	270000	58
28	6	6	22.15	213.0	280000	57
29	6	6	22.55	172.0	290000	59
30	6	6	21.68	205.0	300000	54
1	7	6	14.30	-1119.0	10000	15
2	7	6	14.34	-1292.0	20000	25
3	7	6	14.33	-449.0	30000	21
4	7	6	14.03	-765.0	40000	17
5	7	6	14.96	-557.0	50000	18
6	7	6	13.47	-222.0	60000	17
7	7	6	13.61	-400.0	70000	19
8	7	6	16.81	-121.0	80000	27
9	7	6	18.97	-64.0	90000	44
10	7	6	18.72	-81.0	100000	41
11	7	6	19.12	-87.0	110000	45
12	7	6	20.71	16.0	120000	48
13	7	6	20.54	95.0	130000	52
14	7	6	20.31	188.0	140000	47
15	7	6	21.28	114.0	150000	57
16	7	6	21.60	174.0	160000	58
17	7	6	21.11	106.0	170000	52
18	7	6	21.87	138.0	180000	56
19	7	6	22.17	228.0	190000	59
20	7	6	20.78	178.0	200000	50
21	7	6	21.06	214.0	210000	52
22	7	6	21.53	193.0	220000	56
23	7	6	21.97	143.0	230000	50
24	7	6	22.19	165.0	240000	58
25	7	6	21.17	225.0	250000	55
26	7	6	20.45	246.0	260000	53
27	7	6	21.67	174.0	270000	60
28	7	6	21.81	161.0	280000	55
29	7	6	20.39	205.0	290000	51
30	7	6	21.70	148.0	300000	58
1	8	6	13.47	-1125.0	10000	13
2	8	6	12.92	-1124.0	20000	13
3	8	6	14.56	-828.0	30000	21
4	8	6	13.24	-379.0	40000	10
5	8	6	13.68	-365.0	50000	14
6	8	6	13.41	-355.0	60000	15
7	8	6	14.46	-154.0	70000	21
8	8	6	18.25	-47.0	80000	38
9	8	6	19.34	-149.0	90000	45
10	8	6	17.99	14.0	100000	40
11	8	6	17.72	43.0	110000	36
12	8	6	18.44	41.0	120000	42
13	8	6	21.19	119.0	130000	62
14	8	6	19.82	137.0	140000	50
15	8	6	22.11	191.0	150000	60
16	8	6	21.08	139.0	160000	52
17	8	6	21.48	183.0	170000	55
18	8	6	22.86	176.0	180000	60
19	8	6	20.90	162.0	190000	47
20	8	6	21.84	179.0	200000	58
21	8	6	22.25	208.0	210000	57
22	8	6	20.50	183.0	220000	50
23	8	6	20.66	175.0	230000	49
24	8	6	21.15	158.0	240000	50
25	8	6	20.87	197.0	250000	55
26	8	6	22.58	161.0	260000	59
27	8	6	22.44	114.0	270000	58
28	8	6	22.27	160.0	280000	58
29	8	6	22.55	147.0	290000	67
30	8	6	22.93	219.0	300000	66
1	9	6	14.66	-1286.0	10000	22
2	9	6	15.06	-1146.0	20000	24
3	9	6	13.68	-830.0	30000	16
4	9	6	14.29	-568.0	40000	15
5	9	6	13.51	-287.0	50000	15
6	9	6	15.97	-320.0	60000	29
7	9	6	17.42	-322.0	70000	31
8	9	6	18.46	-194.0	80000	40
9	9	6	18.32	-183.0	90000	37
10	9	6	19.40	-80.0	100000	42
11	9	6	19.77	-11.0	110000	45
12	9	6	19.51	126.0	120000	41
13	9	6	20.03	113.0	130000	50
14	9	6	21.78	97.0	140000	57
15	9	6	21.69	167.0	150000	51
16	9	6	21.24	202.0	160000	54
17	9	6	21.83	202.0	170000	58
18	9	6	21.80	205.0	180000	59
19	9	6	21.91	168.0	190000	57
20	9	6	22.41	206.0	200000	60
21	9	6	20.94	167.0	210000	51
22	9	6	20.73	146.0	220000	50
23	9	6	23.45	195.0	230000	68
24	9	6	21.44	141.0	240000	56
25	9	6	21.69	238.0	250000	57
26	9	6	20.09	120.0	260000	48
27	9	6	21.93	254.0	270000	58
28	9	6	22.45	247.0	280000	63
29	9	6	21.92	190.0	290000	51
30	9	6	21.70	258.0	300000	55
1	10	6	14.01	-1307.0	10000	17
2	10	6	14.75	-1039.0	20000	18
3	10	6	16.05	-940.0	30000	29
4	10	6	12.70	-459.0	40000	14
5	10	6	14.38	-266.0	50000	13
6	10	6	13.96	-218.0	60000	16
7	10	6	17.06	-158.0	70000	33
8	10	6	18.96	-157.0	80000	39
9	10	6	18.12	-74.0	90000	36
10	10	6	17.94	3.0	100000	41
11	10	6	21.15	0.0	110000	50
12	10	6	20.09	103.0	120000	44
13	10	6	20.85	168.0	130000	52
14	10	6	20.57	110.0	140000	50
15	10	6	20.68	207.0	150000	57
16	10	6	21.35	173.0	160000	56
17	10	6	22.38	208.0	170000	56
18	10	6	22.51	210.0	180000	59
19	10	6	21.64	180.0	190000	55
20	10	6	21.90	210.0	200000	50
21	10	6	21.06	215.0	210000	51
22	10	6	21.39	176.0	220000	59
23	10	6	21.81	223.0	230000	48
24	10	6	21.68	181.0	240000	58
25	10	6	21.16	161.0	250000	59
26	10	6	21.77	184.0	260000	55
27	10	6	21.73	229.0	270000	60
28	10	6	22.43	174.0	280000	61
29	10	6	22.97	176.0	290000	58
30	10	6	21.37	220.0	300000	49
1	1	30	15.13	-1112.0	10000	23
2	1	30	13.25	-865.0	20000	17
3	1	30	13.01	-1092.0	30000	12
4	1	30	12.88	-492.0	40000	12
5	1	30	12.73	-610.0	50000	12
6	1	30	12.58	-284.0	60000	13
7	1	30	11.15	-135.0	70000	6
8	1	30	12.33	-210.0	80000	13
9	1	30	14.18	-229.0	90000	23
10	1	30	15.06	-215.0	100000	25
11	1	30	15.93	5.0	110000	28
12	1	30	18.24	66.0	120000	48
13	1	30	19.58	71.0	130000	52
14	1	30	20.30	113.0	140000	52
15	1	30	20.45	172.0	150000	51
16	1	30	19.81	215.0	160000	48
17	1	30	19.32	196.0	170000	52
18	1	30	19.92	141.0	180000	51
19	1	30	21.04	150.0	190000	50
20	1	30	20.88	115.0	200000	53
21	1	30	20.45	176.0	210000	51
22	1	30	21.50	200.0	220000	61
23	1	30	20.44	154.0	230000	53
24	1	30	19.56	214.0	240000	41
25	1	30	19.64	123.0	250000	42
26	1	30	20.79	155.0	260000	53
27	1	30	20.35	116.0	270000	50
28	1	30	19.36	174.0	280000	41
29	1	30	19.77	165.0	290000	48
30	1	30	19.94	199.0	300000	45
1	2	30	13.30	-701.0	10000	15
2	2	30	15.03	-989.0	20000	20
3	2	30	14.61	-1516.0	30000	18
4	2	30	15.37	-574.0	40000	20
5	2	30	14.62	-383.0	50000	21
6	2	30	14.06	-270.0	60000	15
7	2	30	16.96	-343.0	70000	37
8	2	30	16.64	-306.0	80000	30
9	2	30	16.50	-133.0	90000	28
10	2	30	17.78	-124.0	100000	43
1	1	10	14.88	-1218.0	10000	23
2	1	10	14.08	-1038.0	20000	16
3	1	10	14.51	-790.0	30000	19
4	1	10	12.38	-480.0	40000	11
5	1	10	13.74	-374.0	50000	17
6	1	10	13.49	-304.0	60000	17
7	1	10	13.21	-259.0	70000	20
8	1	10	13.60	-393.0	80000	21
9	1	10	15.40	-86.0	90000	28
10	1	10	17.38	-72.0	100000	33
11	1	10	20.17	11.0	110000	52
12	1	10	20.27	33.0	120000	47
13	1	10	18.98	82.0	130000	44
14	1	10	20.10	86.0	140000	56
15	1	10	20.53	185.0	150000	56
16	1	10	20.09	193.0	160000	58
17	1	10	20.05	107.0	170000	54
18	1	10	18.90	200.0	180000	46
19	1	10	20.87	116.0	190000	55
20	1	10	20.08	192.0	200000	46
21	1	10	20.38	174.0	210000	57
22	1	10	19.65	196.0	220000	44
23	1	10	21.33	188.0	230000	58
24	1	10	20.04	195.0	240000	47
25	1	10	20.25	136.0	250000	53
26	1	10	21.75	196.0	260000	57
27	1	10	21.99	135.0	270000	63
28	1	10	19.93	129.0	280000	53
29	1	10	21.58	132.0	290000	55
30	1	10	21.69	187.0	300000	54
1	2	10	14.80	-1005.0	10000	19
2	2	10	14.19	-972.0	20000	18
3	2	10	13.78	-1339.0	30000	17
4	2	10	13.74	-604.0	40000	12
5	2	10	14.04	-791.0	50000	21
6	2	10	13.95	-239.0	60000	17
7	2	10	14.63	-199.0	70000	19
8	2	10	14.17	-275.0	80000	19
9	2	10	13.09	-255.0	90000	13
10	2	10	13.36	-159.0	100000	15
11	2	10	16.09	-6.0	110000	31
12	2	10	17.38	105.0	120000	33
13	2	10	17.73	109.0	130000	33
14	2	10	19.23	81.0	140000	41
15	2	10	19.35	183.0	150000	47
16	2	10	20.79	195.0	160000	52
17	2	10	20.99	217.0	170000	59
18	2	10	20.21	133.0	180000	46
19	2	10	20.89	195.0	190000	53
20	2	10	19.42	187.0	200000	54
21	2	10	19.44	209.0	210000	42
22	2	10	19.03	216.0	220000	52
23	2	10	20.72	125.0	230000	56
24	2	10	20.30	198.0	240000	49
25	2	10	19.30	152.0	250000	45
26	2	10	19.80	110.0	260000	60
27	2	10	19.88	213.0	270000	50
28	2	10	20.55	187.0	280000	59
29	2	10	21.07	164.0	290000	54
30	2	10	20.82	188.0	300000	48
1	3	10	14.39	-1380.0	10000	16
2	3	10	13.80	-1364.0	20000	17
3	3	10	13.13	-1035.0	30000	16
4	3	10	12.63	-914.0	40000	10
5	3	10	13.72	-347.0	50000	18
6	3	10	13.51	-170.0	60000	18
7	3	10	14.25	-188.0	70000	18
8	3	10	14.01	-171.0	80000	18
9	3	10	15.72	-41.0	90000	28
10	3	10	16.56	-74.0	100000	27
11	3	10	18.41	10.0	110000	39
12	3	10	17.79	144.0	120000	41
13	3	10	19.24	86.0	130000	52
14	3	10	18.03	78.0	140000	39
15	3	10	18.96	134.0	150000	44
16	3	10	20.52	198.0	160000	61
17	3	10	21.43	158.0	170000	51
18	3	10	19.75	144.0	180000	48
19	3	10	21.04	172.0	190000	53
20	3	10	20.13	175.0	200000	52
21	3	10	20.89	218.0	210000	54
22	3	10	21.63	151.0	220000	58
23	3	10	21.31	194.0	230000	56
24	3	10	21.25	180.0	240000	58
25	3	10	21.29	192.0	250000	55
26	3	10	21.18	174.0	260000	55
27	3	10	22.44	156.0	270000	64
28	3	10	22.44	175.0	280000	67
29	3	10	20.86	166.0	290000	57
30	3	10	19.98	186.0	300000	55
1	4	10	13.95	-803.0	10000	16
2	4	10	12.36	-1149.0	20000	7
3	4	10	12.42	-878.0	30000	13
4	4	10	14.09	-854.0	40000	18
5	4	10	14.71	-729.0	50000	19
6	4	10	12.82	-338.0	60000	15
7	4	10	14.74	-218.0	70000	21
8	4	10	13.47	-107.0	80000	14
9	4	10	15.49	-21.0	90000	24
10	4	10	17.41	-107.0	100000	35
11	4	10	18.55	31.0	110000	44
12	4	10	17.45	27.0	120000	40
13	4	10	16.97	105.0	130000	32
14	4	10	19.81	80.0	140000	53
15	4	10	19.44	144.0	150000	41
16	4	10	21.15	181.0	160000	60
17	4	10	18.58	158.0	170000	40
18	4	10	19.20	198.0	180000	44
19	4	10	20.87	178.0	190000	54
20	4	10	20.77	142.0	200000	58
21	4	10	18.09	187.0	210000	39
22	4	10	20.52	166.0	220000	49
23	4	10	19.02	177.0	230000	44
24	4	10	19.64	215.0	240000	43
25	4	10	21.02	170.0	250000	59
26	4	10	20.61	191.0	260000	54
27	4	10	20.34	192.0	270000	58
28	4	10	20.43	148.0	280000	55
29	4	10	20.40	179.0	290000	55
30	4	10	21.01	147.0	300000	55
1	5	10	14.26	-795.0	10000	21
2	5	10	13.63	-906.0	20000	14
3	5	10	12.62	-971.0	30000	14
4	5	10	13.09	-563.0	40000	13
5	5	10	13.12	-437.0	50000	12
6	5	10	14.31	-212.0	60000	21
7	5	10	12.47	-191.0	70000	10
8	5	10	13.24	-156.0	80000	11
9	5	10	13.75	-101.0	90000	15
10	5	10	15.27	-88.0	100000	15
11	5	10	17.92	57.0	110000	30
12	5	10	18.77	-63.0	120000	43
13	5	10	19.41	80.0	130000	43
14	5	10	20.38	77.0	140000	53
15	5	10	20.91	155.0	150000	58
16	5	10	20.40	183.0	160000	59
17	5	10	21.12	218.0	170000	54
18	5	10	20.03	177.0	180000	55
19	5	10	20.18	179.0	190000	47
20	5	10	19.88	176.0	200000	45
21	5	10	19.24	188.0	210000	41
22	5	10	20.35	181.0	220000	48
23	5	10	21.23	162.0	230000	56
24	5	10	21.39	198.0	240000	59
25	5	10	20.91	152.0	250000	55
26	5	10	21.00	183.0	260000	49
27	5	10	19.93	198.0	270000	51
28	5	10	20.91	171.0	280000	52
29	5	10	20.16	187.0	290000	50
30	5	10	21.01	165.0	300000	60
1	6	10	13.95	-1045.0	10000	15
2	6	10	14.15	-1161.0	20000	16
3	6	10	14.35	-983.0	30000	17
4	6	10	14.13	-325.0	40000	24
5	6	10	13.37	-388.0	50000	19
6	6	10	13.09	-272.0	60000	11
7	6	10	13.39	-379.0	70000	11
8	6	10	14.79	-248.0	80000	24
9	6	10	17.31	-120.0	90000	32
10	6	10	18.46	-44.0	100000	36
11	6	10	18.85	-89.0	110000	43
12	6	10	18.74	56.0	120000	45
13	6	10	18.95	144.0	130000	46
14	6	10	20.11	170.0	140000	51
15	6	10	19.66	159.0	150000	52
16	6	10	20.61	151.0	160000	53
17	6	10	19.86	158.0	170000	55
18	6	10	20.59	177.0	180000	51
19	6	10	19.60	176.0	190000	48
20	6	10	20.46	203.0	200000	54
21	6	10	20.91	166.0	210000	51
22	6	10	21.13	185.0	220000	56
23	6	10	19.92	263.0	230000	43
24	6	10	21.38	176.0	240000	57
25	6	10	20.75	157.0	250000	49
26	6	10	21.80	177.0	260000	58
27	6	10	21.55	176.0	270000	53
28	6	10	21.41	218.0	280000	53
29	6	10	21.97	179.0	290000	55
30	6	10	20.17	198.0	300000	51
1	7	10	15.61	-788.0	10000	23
2	7	10	14.72	-630.0	20000	23
3	7	10	13.16	-1305.0	30000	14
4	7	10	14.02	-511.0	40000	20
5	7	10	12.89	-319.0	50000	11
6	7	10	13.66	-171.0	60000	13
7	7	10	14.04	-354.0	70000	20
8	7	10	13.64	-178.0	80000	12
9	7	10	15.67	-40.0	90000	22
10	7	10	15.69	-94.0	100000	23
11	7	10	18.36	18.0	110000	45
12	7	10	17.18	-69.0	120000	37
13	7	10	18.04	29.0	130000	40
14	7	10	19.83	113.0	140000	49
15	7	10	18.93	152.0	150000	44
16	7	10	20.00	140.0	160000	41
17	7	10	18.42	121.0	170000	47
18	7	10	21.82	219.0	180000	60
19	7	10	21.11	144.0	190000	54
20	7	10	20.28	164.0	200000	50
21	7	10	18.65	187.0	210000	41
22	7	10	20.19	166.0	220000	51
23	7	10	19.23	146.0	230000	44
24	7	10	20.60	146.0	240000	55
25	7	10	20.63	139.0	250000	55
26	7	10	21.91	159.0	260000	60
27	7	10	20.39	145.0	270000	53
28	7	10	21.24	187.0	280000	47
29	7	10	21.04	188.0	290000	56
30	7	10	21.72	174.0	300000	57
1	8	10	13.60	-1125.0	10000	15
2	8	10	14.04	-1323.0	20000	18
3	8	10	13.59	-1011.0	30000	21
4	8	10	14.67	-548.0	40000	15
5	8	10	13.35	-342.0	50000	13
6	8	10	13.96	-267.0	60000	15
7	8	10	14.52	-335.0	70000	15
8	8	10	17.88	-277.0	80000	41
9	8	10	17.59	-266.0	90000	33
10	8	10	18.32	-65.0	100000	44
11	8	10	18.42	42.0	110000	42
12	8	10	20.45	-69.0	120000	59
13	8	10	19.74	81.0	130000	49
14	8	10	19.46	125.0	140000	48
15	8	10	20.80	168.0	150000	51
16	8	10	21.60	138.0	160000	55
17	8	10	21.33	181.0	170000	59
18	8	10	21.09	195.0	180000	54
19	8	10	21.56	210.0	190000	53
20	8	10	21.35	213.0	200000	53
21	8	10	20.96	198.0	210000	54
22	8	10	21.13	175.0	220000	51
23	8	10	22.31	161.0	230000	60
24	8	10	21.57	184.0	240000	56
25	8	10	21.02	169.0	250000	50
26	8	10	19.78	201.0	260000	42
27	8	10	20.65	164.0	270000	51
28	8	10	21.30	156.0	280000	59
29	8	10	20.29	220.0	290000	50
30	8	10	21.47	223.0	300000	62
1	9	10	15.37	-1439.0	10000	16
2	9	10	14.97	-1477.0	20000	22
3	9	10	13.82	-786.0	30000	21
4	9	10	13.77	-844.0	40000	15
5	9	10	13.33	-479.0	50000	13
6	9	10	12.55	-393.0	60000	10
7	9	10	12.97	-242.0	70000	14
8	9	10	13.19	-216.0	80000	14
9	9	10	16.97	-155.0	90000	40
10	9	10	17.23	-165.0	100000	31
11	9	10	17.05	-6.0	110000	32
12	9	10	18.45	58.0	120000	46
13	9	10	19.78	68.0	130000	49
14	9	10	20.78	104.0	140000	53
15	9	10	20.67	219.0	150000	55
16	9	10	20.70	210.0	160000	54
17	9	10	20.60	147.0	170000	52
18	9	10	20.75	162.0	180000	55
19	9	10	20.56	212.0	190000	53
20	9	10	21.59	168.0	200000	63
21	9	10	20.55	181.0	210000	54
22	9	10	21.47	162.0	220000	50
23	9	10	21.10	160.0	230000	57
24	9	10	21.95	196.0	240000	64
25	9	10	21.02	166.0	250000	59
26	9	10	21.48	175.0	260000	59
27	9	10	21.07	195.0	270000	57
28	9	10	20.79	197.0	280000	48
29	9	10	21.15	228.0	290000	60
30	9	10	21.87	161.0	300000	56
1	10	10	14.43	-1402.0	10000	21
2	10	10	14.21	-940.0	20000	16
3	10	10	15.05	-1216.0	30000	23
4	10	10	14.24	-525.0	40000	16
5	10	10	13.62	-323.0	50000	13
6	10	10	15.80	-335.0	60000	24
7	10	10	15.17	-307.0	70000	23
8	10	10	18.02	-265.0	80000	37
9	10	10	17.36	-312.0	90000	32
10	10	10	19.12	-98.0	100000	47
11	10	10	21.01	-105.0	110000	53
12	10	10	19.38	2.0	120000	46
13	10	10	20.99	19.0	130000	55
14	10	10	21.48	135.0	140000	60
15	10	10	20.24	200.0	150000	47
16	10	10	20.11	190.0	160000	55
17	10	10	19.63	180.0	170000	52
18	10	10	21.49	210.0	180000	58
19	10	10	20.17	170.0	190000	46
20	10	10	19.68	225.0	200000	48
21	10	10	19.99	190.0	210000	43
22	10	10	20.56	101.0	220000	54
23	10	10	20.05	191.0	230000	48
24	10	10	21.36	203.0	240000	56
25	10	10	19.47	197.0	250000	51
26	10	10	21.07	217.0	260000	52
27	10	10	19.56	212.0	270000	47
28	10	10	21.28	193.0	280000	58
29	10	10	19.76	167.0	290000	44
30	10	10	19.73	134.0	300000	50
1	1	11	15.19	-899.0	10000	26
2	1	11	14.61	-1079.0	20000	21
3	1	11	14.92	-854.0	30000	19
4	1	11	14.64	-848.0	40000	17
5	1	11	14.92	-545.0	50000	19
6	1	11	13.97	-299.0	60000	22
7	1	11	17.02	-412.0	70000	33
8	1	11	17.59	-239.0	80000	30
9	1	11	17.44	-215.0	90000	35
10	1	11	18.83	86.0	100000	44
11	1	11	19.48	141.0	110000	46
12	1	11	20.91	78.0	120000	48
13	1	11	20.15	181.0	130000	48
14	1	11	21.18	152.0	140000	52
15	1	11	21.30	190.0	150000	47
16	1	11	20.88	157.0	160000	54
17	1	11	22.61	177.0	170000	60
18	1	11	22.18	179.0	180000	57
19	1	11	21.63	221.0	190000	54
20	1	11	22.37	175.0	200000	54
21	1	11	22.32	189.0	210000	56
22	1	11	21.09	165.0	220000	50
23	1	11	22.46	192.0	230000	58
24	1	11	22.73	167.0	240000	66
25	1	11	21.36	201.0	250000	48
26	1	11	21.24	190.0	260000	55
27	1	11	22.72	192.0	270000	67
28	1	11	22.51	189.0	280000	60
29	1	11	22.17	201.0	290000	54
30	1	11	20.86	198.0	300000	51
1	2	11	13.60	-765.0	10000	19
2	2	11	14.54	-1007.0	20000	17
3	2	11	14.62	-1052.0	30000	21
4	2	11	12.96	-960.0	40000	11
5	2	11	12.26	-794.0	50000	11
6	2	11	13.00	-101.0	60000	13
7	2	11	15.21	-302.0	70000	25
8	2	11	17.49	-285.0	80000	40
9	2	11	17.81	-104.0	90000	39
10	2	11	18.92	-8.0	100000	46
11	2	11	20.42	65.0	110000	49
12	2	11	21.48	-10.0	120000	61
13	2	11	20.60	98.0	130000	57
14	2	11	21.50	71.0	140000	58
15	2	11	21.76	161.0	150000	56
16	2	11	22.40	213.0	160000	54
17	2	11	20.67	185.0	170000	47
18	2	11	24.10	208.0	180000	73
19	2	11	22.48	178.0	190000	59
20	2	11	22.92	190.0	200000	65
21	2	11	19.89	175.0	210000	40
22	2	11	21.51	182.0	220000	55
23	2	11	23.09	154.0	230000	65
24	2	11	21.06	155.0	240000	50
25	2	11	21.54	245.0	250000	54
26	2	11	21.75	227.0	260000	55
27	2	11	20.47	187.0	270000	45
28	2	11	22.55	188.0	280000	61
29	2	11	21.08	170.0	290000	46
30	2	11	23.09	251.0	300000	68
1	3	11	13.43	-1181.0	10000	16
2	3	11	15.31	-967.0	20000	20
3	3	11	14.42	-1601.0	30000	17
4	3	11	13.70	-639.0	40000	19
5	3	11	14.07	-687.0	50000	15
6	3	11	11.73	-278.0	60000	8
7	3	11	13.77	-183.0	70000	15
8	3	11	13.32	-184.0	80000	11
9	3	11	13.07	-225.0	90000	14
10	3	11	14.12	-175.0	100000	21
11	3	11	17.20	2.0	110000	37
12	3	11	19.92	-1.0	120000	46
13	3	11	21.05	99.0	130000	52
14	3	11	21.33	95.0	140000	56
15	3	11	21.60	177.0	150000	55
16	3	11	22.09	225.0	160000	55
17	3	11	21.49	191.0	170000	58
18	3	11	21.77	227.0	180000	60
19	3	11	21.78	197.0	190000	55
20	3	11	21.91	191.0	200000	59
21	3	11	21.97	191.0	210000	51
22	3	11	20.82	150.0	220000	57
23	3	11	20.34	149.0	230000	50
24	3	11	21.78	181.0	240000	53
25	3	11	22.17	192.0	250000	59
26	3	11	21.29	184.0	260000	58
27	3	11	21.73	190.0	270000	57
28	3	11	22.32	216.0	280000	56
29	3	11	20.92	258.0	290000	52
30	3	11	20.87	197.0	300000	52
1	4	11	13.97	-1238.0	10000	14
2	4	11	14.29	-1454.0	20000	13
3	4	11	13.11	-1126.0	30000	12
4	4	11	14.00	-557.0	40000	18
5	4	11	13.98	-600.0	50000	14
6	4	11	12.82	-243.0	60000	14
7	4	11	13.15	-282.0	70000	16
8	4	11	12.18	-145.0	80000	14
9	4	11	12.32	-122.0	90000	8
10	4	11	12.97	-85.0	100000	12
11	4	11	11.07	-26.0	110000	5
12	4	11	12.32	-17.0	120000	12
13	4	11	13.99	73.0	130000	18
14	4	11	15.40	49.0	140000	25
15	4	11	16.92	164.0	150000	31
16	4	11	17.25	151.0	160000	33
17	4	11	18.96	159.0	170000	45
18	4	11	21.07	208.0	180000	51
19	4	11	21.40	185.0	190000	52
20	4	11	19.66	168.0	200000	47
21	4	11	21.51	124.0	210000	51
22	4	11	22.23	164.0	220000	59
23	4	11	21.14	163.0	230000	51
24	4	11	20.86	173.0	240000	47
25	4	11	20.99	218.0	250000	40
26	4	11	20.16	128.0	260000	48
27	4	11	18.57	102.0	270000	32
28	4	11	19.14	151.0	280000	35
29	4	11	19.27	208.0	290000	31
30	4	11	18.65	178.0	300000	33
1	5	11	13.56	-1004.0	10000	13
2	5	11	14.06	-1102.0	20000	18
3	5	11	13.61	-910.0	30000	15
4	5	11	14.09	-594.0	40000	19
5	5	11	14.13	-273.0	50000	21
6	5	11	13.31	-193.0	60000	12
7	5	11	13.92	-235.0	70000	14
8	5	11	16.10	-196.0	80000	23
9	5	11	19.49	-177.0	90000	44
10	5	11	17.93	-88.0	100000	31
11	5	11	19.52	0.0	110000	40
12	5	11	19.57	62.0	120000	46
13	5	11	21.50	107.0	130000	49
14	5	11	20.62	110.0	140000	49
15	5	11	21.45	192.0	150000	48
16	5	11	20.72	200.0	160000	49
17	5	11	22.07	185.0	170000	55
18	5	11	21.51	204.0	180000	52
19	5	11	20.84	224.0	190000	48
20	5	11	20.35	179.0	200000	47
21	5	11	21.77	214.0	210000	57
22	5	11	22.25	235.0	220000	55
23	5	11	21.83	170.0	230000	58
24	5	11	21.35	169.0	240000	56
25	5	11	21.10	142.0	250000	52
26	5	11	23.04	208.0	260000	62
27	5	11	20.96	123.0	270000	48
28	5	11	22.04	217.0	280000	51
29	5	11	22.54	176.0	290000	61
30	5	11	21.23	163.0	300000	53
1	6	11	14.84	-1064.0	10000	18
2	6	11	14.66	-1246.0	20000	21
3	6	11	13.46	-921.0	30000	12
4	6	11	14.41	-539.0	40000	18
5	6	11	14.20	-620.0	50000	17
6	6	11	13.55	-347.0	60000	16
7	6	11	13.26	-200.0	70000	12
8	6	11	13.47	-87.0	80000	13
9	6	11	14.00	-35.0	90000	19
10	6	11	15.07	-161.0	100000	18
11	6	11	19.12	-41.0	110000	36
12	6	11	19.84	108.0	120000	45
13	6	11	19.74	140.0	130000	45
14	6	11	21.53	152.0	140000	59
15	6	11	22.66	209.0	150000	55
16	6	11	21.90	161.0	160000	57
17	6	11	21.45	232.0	170000	48
18	6	11	21.33	185.0	180000	52
19	6	11	21.26	195.0	190000	59
20	6	11	19.69	173.0	200000	49
21	6	11	20.45	183.0	210000	51
22	6	11	21.61	173.0	220000	53
23	6	11	21.04	225.0	230000	49
24	6	11	21.18	180.0	240000	44
25	6	11	21.82	216.0	250000	60
26	6	11	20.67	247.0	260000	53
27	6	11	22.07	214.0	270000	54
28	6	11	21.47	210.0	280000	55
29	6	11	20.59	235.0	290000	45
30	6	11	21.35	215.0	300000	50
1	7	11	14.29	-1021.0	10000	25
2	7	11	14.71	-914.0	20000	18
3	7	11	13.83	-991.0	30000	22
4	7	11	13.54	-487.0	40000	17
5	7	11	13.79	-326.0	50000	16
6	7	11	12.30	-215.0	60000	5
7	7	11	12.67	-231.0	70000	11
8	7	11	14.45	-131.0	80000	18
9	7	11	16.60	5.0	90000	27
10	7	11	18.11	-99.0	100000	34
11	7	11	17.87	-122.0	110000	35
12	7	11	18.46	38.0	120000	44
13	7	11	19.67	15.0	130000	49
14	7	11	20.05	159.0	140000	51
15	7	11	21.93	202.0	150000	56
16	7	11	20.97	190.0	160000	54
17	7	11	22.24	208.0	170000	62
18	7	11	21.58	204.0	180000	52
19	7	11	21.39	189.0	190000	53
20	7	11	22.03	161.0	200000	60
21	7	11	21.91	177.0	210000	52
22	7	11	19.40	189.0	220000	35
23	7	11	21.53	179.0	230000	59
24	7	11	21.02	192.0	240000	54
25	7	11	21.61	225.0	250000	53
26	7	11	21.12	195.0	260000	52
27	7	11	20.55	142.0	270000	51
28	7	11	21.47	207.0	280000	53
29	7	11	22.20	212.0	290000	57
30	7	11	22.25	206.0	300000	49
1	8	11	14.56	-1079.0	10000	18
2	8	11	14.19	-1228.0	20000	17
3	8	11	12.65	-1119.0	30000	7
4	8	11	13.15	-666.0	40000	12
5	8	11	13.25	-388.0	50000	18
6	8	11	12.96	-188.0	60000	14
7	8	11	13.52	-165.0	70000	9
8	8	11	13.37	-152.0	80000	13
9	8	11	14.72	-37.0	90000	19
10	8	11	17.79	48.0	100000	28
11	8	11	17.77	23.0	110000	32
12	8	11	18.37	13.0	120000	33
13	8	11	19.69	172.0	130000	44
14	8	11	20.88	114.0	140000	49
15	8	11	19.95	181.0	150000	47
16	8	11	19.84	152.0	160000	48
17	8	11	22.08	135.0	170000	61
18	8	11	22.15	189.0	180000	61
19	8	11	20.78	177.0	190000	54
20	8	11	21.19	166.0	200000	48
21	8	11	20.47	212.0	210000	50
22	8	11	20.83	158.0	220000	52
23	8	11	22.66	235.0	230000	63
24	8	11	20.56	194.0	240000	50
25	8	11	20.69	165.0	250000	48
26	8	11	21.34	182.0	260000	51
27	8	11	21.42	158.0	270000	52
28	8	11	22.01	210.0	280000	53
29	8	11	22.23	140.0	290000	58
30	8	11	20.88	196.0	300000	46
1	9	11	14.22	-987.0	10000	17
2	9	11	14.21	-1242.0	20000	17
3	9	11	13.49	-970.0	30000	14
4	9	11	12.86	-778.0	40000	13
5	9	11	14.38	-477.0	50000	20
6	9	11	13.52	-99.0	60000	16
7	9	11	13.92	-233.0	70000	15
8	9	11	13.38	-221.0	80000	16
9	9	11	14.97	-66.0	90000	22
10	9	11	17.96	-148.0	100000	33
11	9	11	18.86	16.0	110000	44
12	9	11	19.93	79.0	120000	46
13	9	11	20.60	72.0	130000	55
14	9	11	20.67	124.0	140000	54
15	9	11	21.25	149.0	150000	55
16	9	11	21.34	178.0	160000	55
17	9	11	21.19	170.0	170000	50
18	9	11	20.92	171.0	180000	57
19	9	11	21.12	199.0	190000	54
20	9	11	21.89	180.0	200000	59
21	9	11	21.05	151.0	210000	50
22	9	11	21.63	219.0	220000	53
23	9	11	21.92	208.0	230000	51
24	9	11	21.03	133.0	240000	56
25	9	11	20.98	219.0	250000	47
26	9	11	20.55	158.0	260000	48
27	9	11	21.47	135.0	270000	50
28	9	11	21.61	157.0	280000	56
29	9	11	21.74	202.0	290000	54
30	9	11	22.05	188.0	300000	53
1	10	11	14.35	-721.0	10000	17
2	10	11	14.24	-1046.0	20000	20
3	10	11	14.64	-1102.0	30000	18
4	10	11	13.03	-643.0	40000	12
5	10	11	14.37	-479.0	50000	18
6	10	11	13.56	-232.0	60000	15
7	10	11	13.91	-120.0	70000	19
8	10	11	14.58	-134.0	80000	17
9	10	11	15.66	-26.0	90000	25
10	10	11	16.35	-57.0	100000	28
11	10	11	17.60	47.0	110000	38
12	10	11	21.30	86.0	120000	52
13	10	11	20.88	119.0	130000	48
14	10	11	20.65	137.0	140000	51
15	10	11	20.53	208.0	150000	49
16	10	11	21.90	182.0	160000	65
17	10	11	21.57	168.0	170000	50
18	10	11	20.28	168.0	180000	47
19	10	11	19.89	218.0	190000	42
20	10	11	20.09	231.0	200000	46
21	10	11	20.93	179.0	210000	45
22	10	11	22.46	208.0	220000	61
23	10	11	21.01	187.0	230000	54
24	10	11	21.21	179.0	240000	50
25	10	11	21.68	219.0	250000	51
26	10	11	22.49	218.0	260000	60
27	10	11	20.70	189.0	270000	51
28	10	11	20.57	184.0	280000	47
29	10	11	21.82	157.0	290000	58
30	10	11	21.98	140.0	300000	61
1	1	12	14.10	-1113.0	10000	16
2	1	12	14.94	-1088.0	20000	21
3	1	12	13.97	-861.0	30000	14
4	1	12	13.84	-646.0	40000	13
5	1	12	14.26	-361.0	50000	17
6	1	12	12.61	-285.0	60000	12
7	1	12	12.13	-104.0	70000	9
8	1	12	13.04	-155.0	80000	12
9	1	12	14.45	-142.0	90000	18
10	1	12	16.60	-56.0	100000	29
11	1	12	19.35	34.0	110000	40
12	1	12	18.01	68.0	120000	35
13	1	12	19.14	24.0	130000	37
14	1	12	19.75	167.0	140000	42
15	1	12	19.99	190.0	150000	49
16	1	12	22.49	188.0	160000	59
17	1	12	22.70	205.0	170000	62
18	1	12	20.64	223.0	180000	56
19	1	12	21.94	191.0	190000	67
20	1	12	21.07	180.0	200000	59
21	1	12	21.48	180.0	210000	64
22	1	12	21.87	220.0	220000	60
23	1	12	21.16	215.0	230000	56
24	1	12	21.66	201.0	240000	60
25	1	12	21.10	235.0	250000	52
26	1	12	22.24	204.0	260000	61
27	1	12	22.12	188.0	270000	55
28	1	12	22.31	179.0	280000	62
29	1	12	20.69	176.0	290000	53
30	1	12	22.75	229.0	300000	64
1	2	12	14.81	-1599.0	10000	21
2	2	12	14.26	-1373.0	20000	20
3	2	12	14.24	-1010.0	30000	20
4	2	12	14.27	-551.0	40000	24
5	2	12	12.72	-347.0	50000	15
6	2	12	12.21	-223.0	60000	8
7	2	12	12.83	-264.0	70000	13
8	2	12	15.07	-227.0	80000	20
9	2	12	15.49	-118.0	90000	18
10	2	12	18.84	48.0	100000	37
11	2	12	19.43	11.0	110000	45
12	2	12	19.03	-39.0	120000	47
13	2	12	18.80	130.0	130000	44
14	2	12	21.44	107.0	140000	54
15	2	12	20.72	141.0	150000	47
16	2	12	22.22	119.0	160000	59
17	2	12	19.74	154.0	170000	40
18	2	12	21.52	191.0	180000	58
19	2	12	21.13	204.0	190000	51
20	2	12	22.13	165.0	200000	56
21	2	12	20.86	187.0	210000	51
22	2	12	22.45	167.0	220000	61
23	2	12	20.82	169.0	230000	50
24	2	12	21.38	220.0	240000	57
25	2	12	21.66	145.0	250000	49
26	2	12	20.79	179.0	260000	50
27	2	12	21.90	230.0	270000	54
28	2	12	22.04	214.0	280000	61
29	2	12	22.24	199.0	290000	60
30	2	12	22.30	189.0	300000	55
1	3	12	14.59	-1028.0	10000	20
2	3	12	15.01	-979.0	20000	25
3	3	12	15.31	-657.0	30000	23
4	3	12	14.22	-539.0	40000	18
5	3	12	14.85	-300.0	50000	25
6	3	12	15.91	-320.0	60000	27
7	3	12	18.35	-258.0	70000	34
8	3	12	19.52	-370.0	80000	42
9	3	12	19.36	-175.0	90000	45
10	3	12	19.02	-159.0	100000	51
11	3	12	20.36	63.0	110000	50
12	3	12	20.49	40.0	120000	54
13	3	12	20.98	168.0	130000	56
14	3	12	21.64	170.0	140000	59
15	3	12	20.18	203.0	150000	48
16	3	12	22.02	185.0	160000	63
17	3	12	21.23	245.0	170000	60
18	3	12	21.95	206.0	180000	61
19	3	12	20.21	280.0	190000	54
20	3	12	21.25	161.0	200000	55
21	3	12	21.01	178.0	210000	52
22	3	12	21.17	189.0	220000	60
23	3	12	21.43	193.0	230000	56
24	3	12	21.08	221.0	240000	53
25	3	12	21.10	182.0	250000	52
26	3	12	21.93	198.0	260000	52
27	3	12	21.71	220.0	270000	56
28	3	12	20.75	144.0	280000	50
29	3	12	21.23	117.0	290000	52
30	3	12	21.05	208.0	300000	45
1	4	12	13.05	-1224.0	10000	16
2	4	12	14.88	-1105.0	20000	17
3	4	12	14.67	-655.0	30000	20
4	4	12	13.55	-462.0	40000	17
5	4	12	14.16	-534.0	50000	13
6	4	12	14.63	-195.0	60000	22
7	4	12	16.99	-378.0	70000	31
8	4	12	18.19	-295.0	80000	41
9	4	12	16.61	-50.0	90000	34
10	4	12	17.17	-89.0	100000	33
11	4	12	18.59	-155.0	110000	45
12	4	12	20.28	118.0	120000	50
13	4	12	20.40	155.0	130000	48
14	4	12	18.64	166.0	140000	37
15	4	12	20.98	198.0	150000	51
16	4	12	21.11	143.0	160000	53
17	4	12	20.32	231.0	170000	43
18	4	12	21.42	139.0	180000	54
19	4	12	20.69	168.0	190000	55
20	4	12	21.46	163.0	200000	55
21	4	12	22.09	163.0	210000	57
22	4	12	20.21	158.0	220000	48
23	4	12	22.59	188.0	230000	59
24	4	12	21.44	177.0	240000	56
25	4	12	22.13	172.0	250000	55
26	4	12	22.22	186.0	260000	54
27	4	12	22.27	177.0	270000	63
28	4	12	22.60	187.0	280000	64
29	4	12	21.91	179.0	290000	60
30	4	12	21.42	179.0	300000	56
1	5	12	14.03	-1319.0	10000	16
2	5	12	16.10	-943.0	20000	25
3	5	12	13.52	-996.0	30000	16
4	5	12	13.83	-485.0	40000	16
5	5	12	14.31	-379.0	50000	21
6	5	12	13.20	-273.0	60000	11
7	5	12	13.92	-303.0	70000	16
8	5	12	16.88	-421.0	80000	37
9	5	12	18.52	-241.0	90000	43
10	5	12	18.60	-187.0	100000	46
11	5	12	20.23	-47.0	110000	51
12	5	12	20.31	56.0	120000	53
13	5	12	19.40	121.0	130000	43
14	5	12	20.25	175.0	140000	41
15	5	12	22.16	219.0	150000	54
16	5	12	20.69	135.0	160000	44
17	5	12	20.43	170.0	170000	55
18	5	12	21.34	147.0	180000	54
19	5	12	21.72	161.0	190000	56
20	5	12	20.76	137.0	200000	49
21	5	12	21.17	160.0	210000	51
22	5	12	21.31	151.0	220000	56
23	5	12	20.17	177.0	230000	46
24	5	12	21.57	152.0	240000	57
25	5	12	21.93	185.0	250000	62
26	5	12	20.96	160.0	260000	52
27	5	12	21.41	167.0	270000	53
28	5	12	23.42	184.0	280000	64
29	5	12	20.08	165.0	290000	50
30	5	12	21.38	202.0	300000	57
1	6	12	14.27	-1185.0	10000	20
2	6	12	14.04	-1093.0	20000	22
3	6	12	13.74	-1294.0	30000	19
4	6	12	13.77	-521.0	40000	14
5	6	12	15.19	-469.0	50000	22
6	6	12	13.59	-352.0	60000	15
7	6	12	12.86	-308.0	70000	12
8	6	12	14.25	-279.0	80000	20
9	6	12	15.99	-387.0	90000	27
10	6	12	19.32	-13.0	100000	48
11	6	12	18.72	60.0	110000	44
12	6	12	20.65	57.0	120000	56
13	6	12	21.67	33.0	130000	59
14	6	12	20.35	178.0	140000	50
15	6	12	20.93	211.0	150000	52
16	6	12	22.67	154.0	160000	60
17	6	12	21.55	186.0	170000	56
18	6	12	22.10	153.0	180000	63
19	6	12	21.48	240.0	190000	59
20	6	12	21.76	124.0	200000	56
21	6	12	22.67	174.0	210000	67
22	6	12	22.95	200.0	220000	60
23	6	12	21.84	159.0	230000	57
24	6	12	20.84	225.0	240000	56
25	6	12	20.91	157.0	250000	50
26	6	12	22.57	232.0	260000	63
27	6	12	20.24	136.0	270000	49
28	6	12	22.22	182.0	280000	62
29	6	12	22.47	191.0	290000	61
30	6	12	23.10	259.0	300000	62
1	7	12	15.26	-1715.0	10000	23
2	7	12	14.34	-801.0	20000	19
3	7	12	14.25	-1189.0	30000	21
4	7	12	13.85	-486.0	40000	19
5	7	12	14.37	-327.0	50000	17
6	7	12	15.13	-179.0	60000	22
7	7	12	16.02	-136.0	70000	27
8	7	12	17.33	-145.0	80000	25
9	7	12	17.26	-182.0	90000	31
10	7	12	18.63	14.0	100000	42
11	7	12	19.99	-21.0	110000	43
12	7	12	20.95	77.0	120000	57
13	7	12	19.96	103.0	130000	52
14	7	12	21.64	135.0	140000	59
15	7	12	21.77	242.0	150000	58
16	7	12	20.59	208.0	160000	48
17	7	12	23.60	184.0	170000	69
18	7	12	21.09	156.0	180000	55
19	7	12	21.76	192.0	190000	59
20	7	12	22.81	187.0	200000	64
21	7	12	21.72	148.0	210000	56
22	7	12	21.77	174.0	220000	55
23	7	12	21.59	173.0	230000	50
24	7	12	21.64	187.0	240000	55
25	7	12	21.71	180.0	250000	51
26	7	12	21.19	150.0	260000	54
27	7	12	21.79	143.0	270000	51
28	7	12	21.37	214.0	280000	51
29	7	12	22.33	212.0	290000	61
30	7	12	22.35	172.0	300000	62
1	8	12	13.87	-882.0	10000	14
2	8	12	14.23	-916.0	20000	20
3	8	12	13.89	-843.0	30000	18
4	8	12	14.11	-853.0	40000	18
5	8	12	16.00	-282.0	50000	24
6	8	12	14.43	-180.0	60000	20
7	8	12	16.13	-314.0	70000	23
8	8	12	18.01	-191.0	80000	40
9	8	12	18.08	-56.0	90000	42
10	8	12	19.97	-117.0	100000	48
11	8	12	20.55	-85.0	110000	45
12	8	12	20.28	16.0	120000	52
13	8	12	21.18	192.0	130000	53
14	8	12	19.62	194.0	140000	45
15	8	12	21.63	220.0	150000	57
16	8	12	21.42	156.0	160000	47
17	8	12	22.38	215.0	170000	60
18	8	12	21.21	232.0	180000	55
19	8	12	21.22	242.0	190000	51
20	8	12	21.63	228.0	200000	53
21	8	12	22.36	188.0	210000	61
22	8	12	21.72	211.0	220000	53
23	8	12	22.74	166.0	230000	61
24	8	12	21.25	178.0	240000	56
25	8	12	22.13	203.0	250000	60
26	8	12	21.41	215.0	260000	56
27	8	12	22.59	196.0	270000	58
28	8	12	22.64	194.0	280000	65
29	8	12	20.87	190.0	290000	53
30	8	12	22.07	154.0	300000	57
1	9	12	14.98	-1131.0	10000	18
2	9	12	14.55	-1197.0	20000	17
3	9	12	13.25	-962.0	30000	13
4	9	12	13.75	-594.0	40000	14
5	9	12	13.30	-510.0	50000	15
6	9	12	13.88	-334.0	60000	18
7	9	12	17.14	-332.0	70000	31
8	9	12	17.86	-146.0	80000	36
9	9	12	18.36	-59.0	90000	43
10	9	12	18.65	-124.0	100000	42
11	9	12	20.08	44.0	110000	49
12	9	12	19.34	53.0	120000	40
13	9	12	20.12	177.0	130000	45
14	9	12	19.12	128.0	140000	37
15	9	12	21.31	80.0	150000	50
16	9	12	20.56	159.0	160000	49
17	9	12	21.74	183.0	170000	55
18	9	12	21.37	192.0	180000	54
19	9	12	21.39	214.0	190000	46
20	9	12	22.18	181.0	200000	50
21	9	12	21.75	206.0	210000	52
22	9	12	21.69	198.0	220000	56
23	9	12	21.05	196.0	230000	48
24	9	12	22.75	203.0	240000	59
25	9	12	21.51	194.0	250000	46
26	9	12	22.26	190.0	260000	59
27	9	12	21.37	223.0	270000	62
28	9	12	21.38	157.0	280000	59
29	9	12	23.24	132.0	290000	63
30	9	12	22.03	187.0	300000	56
1	10	12	15.05	-1227.0	10000	19
2	10	12	14.14	-1206.0	20000	22
3	10	12	15.41	-495.0	30000	22
4	10	12	13.21	-305.0	40000	14
5	10	12	13.37	-208.0	50000	15
6	10	12	15.03	-367.0	60000	17
7	10	12	16.27	-264.0	70000	28
8	10	12	19.67	-299.0	80000	43
9	10	12	17.78	-168.0	90000	35
10	10	12	19.37	-105.0	100000	49
11	10	12	20.48	62.0	110000	52
12	10	12	19.06	32.0	120000	45
13	10	12	20.93	136.0	130000	54
14	10	12	19.65	152.0	140000	43
15	10	12	20.84	126.0	150000	53
16	10	12	21.51	222.0	160000	51
17	10	12	20.36	220.0	170000	46
18	10	12	21.72	183.0	180000	57
19	10	12	21.52	170.0	190000	56
20	10	12	21.67	227.0	200000	54
21	10	12	22.26	124.0	210000	60
22	10	12	21.61	201.0	220000	60
23	10	12	21.81	137.0	230000	52
24	10	12	22.23	173.0	240000	59
25	10	12	21.11	178.0	250000	49
26	10	12	21.22	241.0	260000	53
27	10	12	22.11	113.0	270000	60
28	10	12	22.42	247.0	280000	59
29	10	12	23.27	154.0	290000	69
30	10	12	21.08	182.0	300000	51
\.


--
-- Name: experiment experiment_pkey; Type: CONSTRAINT; Schema: public; Owner: postgres
--

ALTER TABLE ONLY public.experiment
    ADD CONSTRAINT experiment_pkey PRIMARY KEY (idexp);


--
-- Name: initialize pk_init; Type: CONSTRAINT; Schema: public; Owner: postgres
--

ALTER TABLE ONLY public.initialize
    ADD CONSTRAINT pk_init PRIMARY KEY (idin, idexp);


--
-- Name: sample pk_sample; Type: CONSTRAINT; Schema: public; Owner: postgres
--

ALTER TABLE ONLY public.sample
    ADD CONSTRAINT pk_sample PRIMARY KEY (id_sample, idin, idexp);


--
-- Name: sample fk_sample_init; Type: FK CONSTRAINT; Schema: public; Owner: postgres
--

ALTER TABLE ONLY public.sample
    ADD CONSTRAINT fk_sample_init FOREIGN KEY (idin, idexp) REFERENCES public.initialize(idin, idexp) ON DELETE CASCADE;


--
-- Name: initialize pk_init_exp; Type: FK CONSTRAINT; Schema: public; Owner: postgres
--

ALTER TABLE ONLY public.initialize
    ADD CONSTRAINT pk_init_exp FOREIGN KEY (idexp) REFERENCES public.experiment(idexp) ON DELETE CASCADE;


--
-- PostgreSQL database dump complete
--

